0.402497943851 -0.312571234323 1
-0.176545710988 -0.96769756349 0
-0.13144315649 0.515501095981 1
-0.716775996574 0.73605618959 0
-0.392409322643 -0.293756304975 1
-0.392177512689 -0.321140288126 1
-0.871486493377 0.43911037261 0
-0.846449277898 0.523523146173 0
0.471830878661 -0.204066956182 1
0.94565551162 0.260142703729 0
0.31490225689 -0.429654005194 1
-0.887316642292 0.427146073647 0
-0.394921517871 -0.271212713531 1
-0.898517528674 0.416652383807 0
-0.388951610737 0.312833793447 1
0.720243944818 0.708431723132 0
-0.304098899425 0.389633635087 1
-0.76171692585 0.654046472077 0
-0.473218740962 -0.0653451296298 1
-0.955557770863 0.310164273325 0
-0.476281767903 0.0709756965216 1
0.0587497148002 0.509886461731 1
-0.729846459017 -0.705355411783 0
0.432944683496 0.218551268139 1
-0.0918925925404 0.500087933665 1
-0.551008080939 0.808618568734 0
0.4623786932 -0.16348346552 1
-0.761634839283 0.698300746546 0
-0.280433230154 -0.388974376769 1
0.52421847244 0.834834507369 0
-0.452274185712 0.225885938943 1
-0.27186367117 -0.426271398234 1
-0.494445863317 -0.167218793198 1
-0.863723886555 -0.565860467833 0
-0.762136646816 0.655196721108 0
0.186929642493 -0.991078871836 0
-0.67664030276 -0.689451743518 0
-0.697466037918 -0.778841063746 0
0.264359003637 -0.422247320242 1
-0.547418515 0.00893194652311 1
-0.231723859892 -0.475888602074 1
0.993100320064 0.139449640156 0
0.4489550403 0.174522435396 1
-0.882492496043 0.401728833812 0
-0.155344761786 0.966285578684 0
0.667458049437 -0.744431683233 0
-0.606316914226 -0.812179682489 0
0.658015900985 -0.760971757159 0
-0.209204238899 -0.439343107679 1
0.110353790931 -0.454414162358 1
-0.431669067235 0.167948400508 1
-0.462212247559 -0.855751509406 0
0.0169690629803 0.477090296569 1
-0.47126658239 0.185913588483 1
0.946317293324 0.171265633384 0
-0.466719111772 0.221654869037 1
0.119733434321 -1.0064586344 0
0.508760229911 -0.0260835151108 1
0.499709844271 0.138690671507 1
0.470061625763 0.210022265712 1
-0.433666822367 0.169783393221 1
-0.203076375817 0.978219175257 0
0.0255732398032 0.533384422093 1
-0.088917106758 0.499095327647 1
0.419417073745 -0.274220697596 1
0.779832477422 0.614515064709 0
0.93269407426 0.396860539765 0
-0.500524492292 -0.00567342203461 1
-0.994222837293 0.109138738717 0
-0.136687676012 0.531666203794 1
0.375890526628 -0.901657062002 0
0.671064041627 0.704173975037 0
-0.47425871754 -0.22016737893 1
-0.457793507276 0.0702565944587 1
-0.94043482045 -0.416825349974 0
0.655538131186 0.755731999961 0
-0.967739968501 -0.0723683775154 0
0.842154261441 0.517844468913 0
-0.487171870586 -0.0863401386692 1
0.4728675464 -0.188931350147 1
0.448912226674 0.284636244499 1
0.974662855725 0.356024996283 0
0.491198954108 0.861465685592 0
0.022428355871 -0.464106640441 1
-0.43825299988 0.15172555771 1
-0.334327229245 -0.360685102129 1
-0.326854023922 0.427532051061 1
0.179942866795 0.504541373753 1
-0.170014716249 0.984452894564 0
0.832147245706 0.591682072561 0
-0.453513122824 -0.86596228967 0
0.192712603028 1.00517792742 0
-0.978310115594 -0.175008555779 0
-1.02951656334 -0.0727559753581 0
0.537776433549 -0.868765139696 0
0.231296279559 -0.396189199652 1
0.688254558204 0.675699263918 0
-0.1275253175 -0.503161599079 1
-0.186872636228 0.466070113649 1
-0.81738710995 -0.638799299773 0
0.230097715736 0.95455934006 0
0.506288925783 0.0427262165025 1
-0.970700611899 0.232307148209 0
0.424375944137 -0.28590779416 1
0.0666097380503 -0.983044003757 0
1.06010762624 -0.0593549255549 0
0.182097219666 -0.953526771921 0
-0.421961424509 -0.329267526413 1
-0.469166801412 0.26619469547 1
0.758171869633 0.695227537807 0
-0.123888146027 -0.484104303257 1
-0.52281698484 0.0592705832 1
-0.221399551169 -0.445781880007 1
-0.268911943628 -0.420183132006 1
-0.41735057598 -0.297083706147 1
0.382757610329 -0.255519410692 1
-0.670266757262 0.770265331741 0
0.48919859157 -0.0717017458347 1
0.0176936176366 -0.521295949189 1
0.471765436662 -0.0938316680066 1
0.0979347874897 -0.509450158136 1
0.894781575815 0.537554674146 0
-0.246945981951 -0.426007385439 1
-0.885888858558 0.475536398799 0
0.44234217928 0.256166498215 1
-0.841963618063 0.526890494831 0
-0.308280540238 -0.408702144188 1
0.915210598859 0.381384980569 0
0.215405440602 0.435366302709 1
-0.867809293909 -0.523907080344 0
-0.168244208194 -0.43643669615 1
0.939256607641 -0.288318686553 0
0.50260922404 0.0415783794086 1
0.244221738483 0.952867803462 0
-0.341198127221 0.379147286383 1
-0.406554675053 0.239686391664 1
-0.321328202831 0.429659439552 1
0.166748496246 -0.416958382354 1
0.0567941539858 0.985472887532 0
-0.204544848621 0.416338727919 1
0.956773635578 -0.350216093359 0
0.944594291493 0.121690971183 0
0.592965960526 -0.761767217041 0
-0.0777627311756 0.473542685971 1
-0.948574076112 -0.059776675109 0
-0.686743681972 0.752391530125 0
-0.500259940835 0.0427117269078 1
0.242817191419 0.411518706244 1
-0.99327745138 -0.269986701258 0
0.330614914854 -0.424408647131 1
-0.148870494455 0.46727621576 1
0.165012080046 0.961364769377 0
0.963885823823 0.276935032574 0
-0.440577963441 -0.339937311331 1
-0.507764116085 -0.0399729720093 1
0.978950352787 -0.108042170841 0
-0.0503613308366 -0.507156357308 1
0.506651987864 -0.117495304697 1
-0.958657770346 0.247921951933 0
-0.485763454574 0.0614218825666 1
-0.92088999908 0.442850451797 0
-0.00755737902868 -0.484252369308 1
0.305134475931 0.365811711137 1
-0.0769335156016 0.965632083484 0
-0.104652630463 0.448782435381 1
-0.510736223405 -0.88247455244 0
0.0908747104684 -0.510080432776 1
0.448945180667 0.0815324351664 1
-0.333557594166 -0.959753689095 0
0.274040026322 0.964175441243 0
0.0724100958125 -1.01721571442 0
0.411829820598 -0.904089620322 0
0.781294994596 -0.669009998615 0
-0.948673902829 -0.234899426977 0
0.784465517937 -0.57546917645 0
-0.95771515841 0.102475505884 0
0.281406354791 -0.424532185153 1
-0.733080673692 -0.728197532119 0
0.644015944587 0.755409791117 0
0.74980769426 0.686823914933 0
-0.955320324905 -0.337663147152 0
-0.986681862544 -0.342857080881 0
-0.506442872195 -0.0563799096417 1
-0.45573064955 0.178455803844 1
-0.537854696376 0.0832825955085 1
-0.391313215338 -0.287898611901 1
0.526268983756 0.092911434406 1
-0.0678684500995 -1.01193248563 0
-0.142737388751 1.01198268017 0
0.44430268733 -0.259003936571 1
0.447129869595 0.180692465312 1
0.727772645128 -0.72812276197 0
-0.146780406582 0.529680204693 1
0.829017712849 0.577818260594 0
0.459928092503 -0.919448218699 0
0.476582048874 -0.16442237748 1
0.480347843436 0.113989793554 1
0.993734465889 -0.0684438172957 0
-0.214874316134 -0.943174058217 0
0.422511862439 0.122338763454 1
0.75262329777 -0.67837435502 0
-0.451328394834 0.173768207994 1
-0.17361860218 0.420857132367 1
-0.284200264081 -0.98512512185 0
0.435818672876 0.229691248839 1
0.144401940191 -1.01430448442 0
0.135632141245 -0.498119528893 1
-0.0201587523662 0.508804130663 1
0.964826239795 -0.19851980644 0
-0.578500770427 -0.84243944709 0
-0.756230557072 0.712113658212 0
0.101952767582 1.00901889774 0
0.474443578328 -0.869612025367 0
0.965683779901 -0.194401411835 0
0.474111044222 -0.101285917818 1
-0.721012531829 0.681208635198 0
-0.501140550009 0.104308609928 1
-0.598210324552 0.748324383411 0
0.671209598989 -0.755388530874 0
-1.0396552287 0.248940755416 0
0.469418189962 0.0556180604245 1
-0.411704443261 0.260879954908 1
0.213044289686 -0.952519496383 0
0.53714438713 -0.175860837108 1
0.543368873666 0.864244588643 0
0.982809625492 -0.252546047578 0
-0.0484919863657 0.993952180758 0
-0.342811546818 0.910566089681 0
-0.607592623917 0.832845265764 0
-0.212819041094 -0.448344178851 1
-0.0433688048885 0.970257381218 0
0.486066425149 0.184149730267 1
-0.969660276269 0.178358393431 0
-0.524727785622 0.0163788955238 1
-0.157280518732 -1.01798094936 0
0.0725592376356 0.991697824385 0
0.465669256647 0.120063714701 1
0.315994597186 0.349444763932 1
-0.524889343783 -0.861734684511 0
0.316565084525 0.382743560315 1
0.364756607246 -0.355353934637 1
-0.462953626834 -0.0623391590355 1
0.335225676419 -0.956825933465 0
-0.45584570758 0.22698207061 1
-0.293447506741 0.945819036053 0
0.059335317843 -0.469985693779 1
1.02589841619 0.0668478802378 0
0.349349151372 -0.350245036379 1
-0.461944538513 -0.125061941683 1
-0.0785466267132 -0.48387512039 1
-0.341612961039 -0.362255475756 1
0.820218079762 0.62477490762 0
0.0893073375144 -1.02232940124 0
-0.13946003359 -0.506527600396 1
0.893280746023 -0.470250765269 0
-0.84606160349 -0.470079982657 0
-0.483100914059 -0.288573476393 1
0.99919248895 0.137046028025 0
0.870405558722 -0.461612451264 0
0.397079225028 -0.273151812316 1
0.522995022269 0.0385323925973 1
0.542844145547 -0.040533377628 1
1.03429779976 -0.0251011296898 0
-0.54073370144 -0.823735625111 0
0.810814162009 -0.579738404046 0
0.236279704928 0.418321522162 1
-0.593044246425 -0.834353033138 0
-0.22994256447 -0.46847087167 1
-0.435007958901 0.197805833181 1
-0.102921121788 -1.0515290135 0
-0.479439750951 -0.122864383369 1
0.518299882108 0.0944816298642 1
0.253265126233 0.959259575678 0
-0.692964236493 0.785389951662 0
0.215708772501 -0.98975225264 0
0.69132258616 -0.678642319765 0
-0.535001548919 -0.146805585 1
0.0432538123878 1.02640619229 0
-0.30129598814 -0.387614627425 1
0.966031124498 -0.180140048092 0
-0.329759896388 -0.960765789217 0
-0.835919560973 -0.55237842648 0
0.148136842043 0.465080939182 1
0.233892499552 0.421508289707 1
1.01948342878 -0.12255115156 0
0.512534807093 0.00327133708037 1
-0.480650891364 0.0766108039628 1
0.0669209223731 -0.975768298531 0
1.01748345639 0.0175098171756 0
0.850691938112 -0.462365494542 0
0.356971035683 -0.339400785618 1
-0.514418287541 0.0381100706473 1
-0.501966171701 0.072853385128 1
0.0879368018636 0.549680549497 1
0.0976405052447 0.479189682047 1
0.290327029252 0.430604287572 1
-0.670908921045 -0.763057365647 0
0.446516464175 -0.108805169343 1
0.649841161524 -0.786866602203 0
0.512494345444 -0.85794531199 0
-0.856670131041 0.581206173745 0
0.471907309321 0.890892049203 0
-0.512442199879 -0.904110059285 0
0.305598852882 0.955846857829 0
-0.290122003261 0.449419470151 1
0.380787302424 -0.922200005692 0
1.00959074379 0.103209605931 0
0.751746282862 -0.642308169103 0
-0.26622831628 -0.454423171187 1
0.49503462711 0.864696161054 0
-0.965040506091 0.0899382000628 0
0.505905286356 0.0326775359682 1
0.794008955313 -0.546508660614 0
-0.035168150924 -0.443027017502 1
0.00807817387247 0.569767962913 1
-0.786791322905 0.623731566668 0
-0.268918848019 0.971500877849 0
-0.0624382126126 -0.993317961655 0
-0.925086415815 -0.223828332866 0
0.608871609013 0.817719958689 0
-0.399833794697 0.240471132754 1
0.755431671399 0.672055803011 0
0.365969558483 -0.313769024876 1
-0.363786044016 -0.340409487586 1
0.137737288375 -0.522288018743 1
-0.202760483526 1.01034278286 0
-0.0149130584479 1.0486455681 0
-0.26426106322 -0.457431203747 1
-0.940390886091 0.28708609875 0
-0.271806584408 -0.427178943231 1
-0.020589779107 0.502852263518 1
-0.091314961104 -0.501222396151 1
-0.378881993827 0.319605060295 1
0.495190690394 -0.0592851112857 1
-0.452307655135 0.936354257312 0
-0.368591887383 -0.338711755274 1
0.269880676517 0.434257960589 1
0.940526252439 0.258321853011 0
0.0991840988398 0.509861993511 1
0.703426700039 0.73785109971 0
0.349561461558 0.923907024824 0
-0.332994502117 0.409634116336 1
0.409775504314 0.109806867578 1
-0.50299501435 -0.197805200418 1
-0.915603137963 0.286469804484 0
0.750681786192 0.606178162981 0
-0.665841107115 0.7460735032 0
0.503591530741 -0.908242215351 0
-0.353745695868 0.91573991724 0
0.501039146643 0.877200237477 0
0.741548952712 -0.69675620765 0
-0.277040744518 0.408674047535 1
-0.905468908419 0.507944496751 0
-0.0946481339094 -0.994190667128 0
0.901513606233 -0.374065415033 0
-0.474069079132 -0.921949788904 0
-0.0285532550125 -0.485309941284 1
-0.90680585681 -0.504838630299 0
0.0190567506501 -0.492867819417 1
-0.756899861191 -0.66822196152 0
0.244029591923 -0.433487023979 1
-0.345729164604 -0.317089199277 1
0.460302759134 -0.0378200302052 1
0.351506158979 -0.35672238421 1
-0.705096817066 -0.692685467213 0
0.498585387434 0.104799466863 1
-0.45166782124 0.125298760206 1
-0.0615519814247 0.538245706088 1
-0.388536609805 -0.309023218621 1
0.864863375592 0.560202173 0
0.982961606257 0.189599702696 0
-0.0104671836224 -0.989265736228 0
-0.850222845732 0.421318765161 0
0.878295032894 -0.572475770333 0
0.821330419756 -0.51728686759 0
-0.445049061417 0.238146623228 1
0.539921613994 0.069818684917 1
0.224999618093 -1.00403332416 0
-0.330813271362 -0.351759715578 1
0.967541635855 0.0564155812173 0
-0.20545243704 -0.440673391858 1
-0.0413586738628 0.494629501909 1
0.318181693349 0.359288500512 1
0.875272955169 -0.420738119719 0
-0.175909350392 -0.493203854278 1
0.351368893921 0.385194651553 1
0.965330253423 -0.3166963476 0
-0.446104663347 0.910477551747 0
-0.531030009417 0.0388883551116 1
0.175904311207 0.473233238384 1
0.261241212587 0.45010531239 1
1.04151639322 0.00203068541606 0
-0.912252019805 -0.387278546239 0
0.120242508022 0.494881213181 1
-0.445778251681 0.146607674978 1
0.410302102882 0.266009391457 1
-0.0867367743946 -0.497505128846 1
0.298280625079 0.42448014255 1
-0.808389182742 -0.609695855398 0
0.527034079953 0.0757920106989 1
0.958570896841 -0.336369001285 0
-0.0255950223552 0.955548237282 0
0.461484414061 0.139025643753 1
-0.890409266129 0.428369475705 0
0.207205351886 -0.987110401902 0
-1.00823510277 0.133059337778 0
0.511002458221 0.797897396977 0
0.524660544457 0.0599972701733 1
0.151596383645 -0.474561719663 1
0.86616045276 0.576807203885 0
-0.943002555948 -0.28521050168 0
-0.501658938777 -0.0876156413354 1
-0.144536120949 -0.956671335589 0
-0.356586483471 -0.34478148537 1
0.472362115479 0.0883353223522 1
0.434870357193 -0.883705540891 0
-0.330364786178 0.380543778417 1
0.624097570901 -0.76451845504 0
0.324392953111 0.361191925594 1
0.922778874633 -0.303032339549 0
-0.41168659147 -0.283876944599 1
0.448810378625 0.0296159453457 1
-0.0362830491499 -0.479670618271 1
-0.445897525215 0.266755271905 1
-0.490122038045 0.832812703915 0
-0.528098415197 0.0362957823763 1
0.120855351689 0.51431948074 1
-0.477926563251 -0.0891647070663 1
-0.498354259995 0.871129177476 0
0.202527123785 -1.003821058 0
-0.47933543346 -0.0307243311678 1
-0.430525218369 -0.196913276554 1
-0.507185449508 0.0841326510278 1
0.858252379622 -0.368384831243 0
-0.420372833277 0.21347952027 1
-0.121673198955 0.971838363406 0
0.344293135114 -0.328152182583 1
0.804922316243 -0.619169774541 0
0.303808796223 -0.950254626704 0
-0.365545152742 -0.370033392578 1
-0.377110666096 -0.281866012111 1
-0.423313363791 -0.251307671369 1
0.393279515869 0.285414410031 1
0.980572317462 -0.0729153943363 0
-0.78174833087 -0.721861727483 0
0.380334526678 0.933093700697 0
0.483789152771 -0.13695258424 1
-0.0131948380502 -1.01890536417 0
-1.02283361177 0.0190968816795 0
0.293345283086 0.392567834707 1
-0.258628714568 -0.415727543845 1
-0.133938042459 -0.967069657499 0
-0.93836925724 0.147872789457 0
-0.190803554255 0.474335894077 1
0.519519257762 0.842213161079 0
-0.144593776024 -0.512115852062 1
0.8338591363 0.569032960048 0
0.180885598984 -0.953386971861 0
0.215215523241 -0.434933239121 1
0.409045272753 0.25798182854 1
-0.110687764879 -0.462184698959 1
0.789687353418 0.585262542068 0
-0.261959616771 0.477987024979 1
-0.242574010878 -0.965726055832 0
0.163130153587 -0.967735550898 0
0.00231601557741 -0.474335058748 1
-0.0217179856547 0.499039918586 1
-1.00098173498 0.183760785857 0
0.241557707546 0.420809839462 1
0.528398993379 0.141447547966 1
0.488191460984 -0.0516538061144 1
-0.11152175736 0.502829285024 1
0.352833537749 0.428403428634 1
0.425029238374 -0.916628551396 0
0.0499018380161 0.990278532439 0
0.111466330093 -0.479538293755 1
0.153692641996 -1.00199073453 0
0.972646507977 -0.245940244719 0
0.425506551413 -0.244461556605 1
-0.938562422312 -0.280656644462 0
0.696036957269 0.667405088276 0
-0.979409165408 -0.275634808135 0
-0.513397899365 0.844865453888 0
-0.472096881878 -0.119573408496 1
0.42724554421 0.221673547063 1
0.06265413422 0.996905008615 0
0.261601084523 0.401224404516 1
-0.954240036162 0.364430031803 0
-0.976291545835 -0.0882232825554 0
0.639595614058 0.730138639519 0
-0.0475333979257 -0.505787045735 1
-0.418073367484 0.91815567817 0
0.946707158988 -0.0141339551354 0
-0.269624770915 0.434122269619 1
0.106158304026 0.999687054701 0
0.614599840705 0.776518039366 0
-0.65947651596 0.700817215043 0
0.440958650521 -0.919102956947 0
0.604733261517 -0.84613300171 0
0.842565158548 0.556888890784 0
0.0490460348213 -0.558776786857 1
-0.456424452642 0.273880660415 1
0.134695693642 -1.00374147916 0
0.188104898153 -0.452029850902 1
-0.448549867145 -0.226972188843 1
0.132755152332 -0.478577738715 1
-0.350644548349 -0.347885813578 1
-0.509922560203 -0.875823527307 0
0.054557877964 -0.502416937764 1
0.642265990963 0.740391061249 0
-0.31552160364 0.360692948056 1
0.352085242396 -0.369198969602 1
-0.198802114118 0.453282456984 1
0.48970956403 0.111719606799 1
0.504328986913 -0.0255743871756 1
0.457109158932 -0.0925142339555 1
0.117943699377 0.479983062502 1
0.647941817866 0.768519864082 0
-0.406194099741 -0.362384730267 1
0.791086085884 -0.621669951926 0
-0.918565521316 -0.349782686281 0
-0.0725795388421 -1.03052647851 0
-0.429155957713 -0.847256926854 0
-0.967001661482 -0.0579505324956 0
-1.02311334863 -0.105111190969 0
0.483040470939 -0.0724992586962 1
0.497713313064 0.238968352556 1
-0.414806940851 -0.300405377816 1
0.31552391819 -0.380739512697 1
0.301844968118 -0.39301725893 1
-0.908809791499 0.422937352583 0
0.765214231876 -0.64101668503 0
0.50546257234 0.107082248784 1
0.0359874930185 -0.52367493248 1
0.346554694858 0.34816102386 1
0.922379020492 0.32710932075 0
0.898837822079 0.472899380183 0
0.942137294087 -0.464595736887 0
0.951769924658 -0.265501496131 0
0.639634786525 0.762676155449 0
-0.114781623478 0.979699398678 0
0.668614870283 -0.720945454513 0
0.459586990721 -0.254925825954 1
0.408620758495 -0.236924542971 1
0.882790524394 0.467087007513 0
0.969379372655 0.267295810926 0
0.494961689742 -0.00866069945482 1
-0.803474074875 -0.620185936625 0
-0.176644511994 0.515640706007 1
-0.316558217106 0.323301602267 1
-0.18114855312 -0.463083420521 1
-0.605082488686 0.805608013662 0
-0.497615860506 0.86333944797 0
-0.307165317275 0.401652333128 1
-0.451349287652 -0.316952939201 1
-0.464638542848 -0.163335394692 1
-0.447412217934 0.201528779531 1
-0.224021765594 -0.381683492741 1
-0.200182105685 -0.436322883347 1
0.465220720643 -0.0158965142001 1
-0.161705746726 -0.457293438952 1
0.00823380408924 -0.526160935764 1
0.990914758178 0.191869821487 0
0.992837844891 0.0225451824061 0
0.955208970235 -0.390060393184 0
-0.564986262854 0.871166119281 0
-0.166149817325 -0.99708466786 0
0.01322764328 -0.502034065205 1
-0.293625531765 -0.929336653922 0
-0.0516977805605 0.487606300144 1
0.943875281285 0.368667934081 0
-0.368136590734 -0.288275714176 1
0.434142596827 -0.264071489664 1
0.540094805905 -0.0159112651793 1
0.0877093621649 -0.501003696605 1
0.968868086961 -0.000420378205323 0
0.998825013356 0.0268354081245 0
0.728908610508 -0.666528774032 0
-0.232682365761 -0.462956240819 1
-0.295606329873 0.401235454176 1
0.473452652545 -0.018024581092 1
0.429309830311 0.296910971407 1
0.579581344826 -0.821683852429 0
0.188321460266 0.462523846541 1
-0.970436330164 -0.0855606463175 0
0.493246814567 -0.0409516846489 1
-0.473517170825 -0.254010216337 1
-0.07562860957 -0.476078503054 1
-0.277200091485 0.955396426386 0
0.785292468243 -0.681436282498 0
0.668894665572 0.728745276138 0
-0.217939302246 -0.470065067434 1
0.314644936717 0.936450887776 0
-0.261790742018 0.396790904999 1
-0.900444470215 0.364360358652 0
1.01961791941 0.129789150945 0
0.552670514289 0.814817768183 0
-0.276483047655 -0.462208180675 1
-0.58179536991 0.848979493076 0
0.482718270761 0.190579807381 1
1.02007853858 0.0245609575444 0
0.441852361596 -0.229802081711 1
0.410924175541 0.239106601722 1
0.831850909154 -0.581679993303 0
-0.797195309047 0.584102465791 0
1.00247315965 -0.165013485519 0
0.0188053207306 -0.518078455636 1
0.00322622693714 0.971327738496 0
-0.499228319875 0.134379413686 1
-0.416844663989 -0.893879173208 0
-0.306956543745 0.363796707311 1
0.311159219525 0.961100436981 0
-0.496909555316 -0.876133569027 0
-0.0137370584671 0.495031323932 1
-0.100962881192 -0.484731651656 1
0.475460851073 0.843002292973 0
-0.481684671857 0.20896981391 1
0.463668872044 -0.032157828495 1
-0.728935897785 -0.639859268852 0
-0.24676423449 0.955858029762 0
0.213504403031 0.475541962363 1
0.466388554959 0.0481424600142 1
0.227520071835 0.452049583271 1
-0.0725450030879 0.953129349216 0
-0.817752716868 0.565523623729 0
0.197947564566 -1.02188172831 0
-0.0489572200873 0.499269371872 1
0.900207432617 0.443024371952 0
0.692366276984 -0.743047115162 0
-0.958125241352 0.252117776092 0
-0.784666105566 0.629414492348 0
0.00813436138444 1.00972776856 0
0.531874359847 -0.0452021196861 1
-0.744318137353 0.681458468236 0
-0.31869780537 0.366031866559 1
0.459765492747 0.220256939992 1
-0.319354461982 -0.37146958196 1
-0.265671989096 -0.43906041127 1
-0.295727519522 0.334916518406 1
0.945398265028 0.292513563681 0
0.452213442929 0.168495718536 1
0.686818267894 0.697206535451 0
-0.328817234202 -0.308538704219 1
-0.811676706756 0.484084484215 0
-0.891644169764 -0.470475138618 0
-0.342834415644 -0.412527472044 1
-0.430890771583 0.878069351578 0
-0.167543500684 -0.475893652804 1
0.448315482535 -0.123951991317 1
0.472010823254 -0.0102630297336 1
0.488661900602 -0.201257046565 1
0.489972552536 -0.0484075065738 1
0.346238154632 -0.367595602579 1
-0.412344004631 -0.352595775624 1
-0.668034093636 -0.774414498403 0
0.4308826086 -0.279747810335 1
-0.61724248226 -0.802529105793 0
-0.151587636296 -0.974747638502 0
0.252737910403 0.420819389516 1
0.445606313889 -0.180558932233 1
0.238599253177 -0.460529820933 1
0.202371332401 0.953802873787 0
0.268613548089 0.44148459401 1
-0.690541425424 -0.729952182968 0
0.439226112511 0.841973406257 0
-0.556750007985 0.891033347573 0
-1.00118949353 -0.257956208404 0
-0.262203370639 0.393902740083 1
0.351435389585 -0.958469978889 0
0.385579531972 0.426366093988 1
-0.15634992405 0.935855718956 0
-0.458962877764 -0.11016075705 1
0.000131786206417 -0.948803787976 0
-0.473701696745 -0.105415153428 1
-0.240797942396 0.385512401175 1
-0.0936636179676 0.975591883183 0
0.897098512374 -0.430316096205 0
0.964521712427 0.102398073493 0
0.215514434923 -0.979782658581 0
0.838287242576 -0.566392532612 0
0.485188063955 0.213898781787 1
0.613840629967 -0.803431680621 0
-0.983127457017 0.153917363894 0
0.870127746946 -0.440725962888 0
-0.330313280641 0.396569257093 1
-0.912457804794 -0.519016931055 0
-0.51161545495 0.0436921200972 1
0.297431991198 -0.960240256436 0
0.737229774172 0.701583769907 0
-0.532627339567 -0.102087758849 1
-0.966726019586 -0.354236317627 0
-0.678188102244 0.747941243629 0
-0.192314497416 -0.451335668212 1
-0.0109860920585 -0.515240302249 1
0.257790892667 0.424186776217 1
0.143721750623 -0.468248864122 1
0.493006002143 -0.111170573335 1
-0.974016358113 -0.0788984070443 0
0.389627118335 0.919237434758 0
0.974169821256 0.292670412319 0
0.286975866778 0.383137485182 1
0.434157434877 0.248801143317 1
-0.457769383482 -0.261015467557 1
-0.555599592824 0.792199523589 0
-0.372725581518 -0.912852138431 0
0.963054484602 -0.24274175624 0
0.31599277518 -0.447235318544 1
0.458184560186 -0.119263957005 1
-0.114934340282 0.46034101178 1
-0.525774812823 0.00297872145939 1
-0.416143123014 -0.148653632552 1
-0.83937289975 -0.568935307127 0
-0.16245660297 -0.478118200209 1
-0.905259335375 -0.55265155478 0
-0.0256272659566 0.512974238049 1
-0.838905391258 0.463676128406 0
-0.296587073592 -0.417124198416 1
-0.709768804021 -0.723620099354 0
0.152351337191 0.501560241165 1
0.130804571107 -0.9901087273 0
-1.01839332701 0.0845081595985 0
-0.489236383261 -0.0930596480502 1
-0.868399712505 -0.616493689703 0
-0.327546045598 -0.945423680078 0
-0.344689014315 0.937024951582 0
0.803290967377 0.626553359332 0
-0.918848245265 -0.391002030337 0
-0.0673856977089 -0.460314570936 1
-0.781814154395 -0.554084453883 0
-0.519219413537 -0.89359521973 0
0.250943721711 -0.960866081618 0
-0.441800414312 -0.307444830586 1
0.372038197482 -0.309175236318 1
0.96947892958 0.227159682113 0
0.0370397430181 -0.476266827058 1
-0.773870182136 0.686927965781 0
-0.147120404648 -0.487405241142 1
-0.440503935591 0.899037438045 0
0.154928251434 -0.969377853344 0
-0.247151490421 0.420060675629 1
0.126727058083 -0.495597278342 1
0.381381106843 -0.318484402556 1
0.0659872266553 0.478858555198 1
0.017837508978 0.500073773145 1
-0.48704463121 0.912441387728 0
-0.0203623709477 -1.01854853807 0
-0.697189878556 -0.678725380283 0
0.492811131583 -0.0483728597271 1
-0.119356683746 1.01201785563 0
-0.438414380846 -0.266722823485 1
0.659792812595 -0.732649457616 0
0.348585117578 -0.370669217662 1
0.283333190904 0.321085378178 1
-0.806342713794 -0.574518553091 0
-0.322210128255 0.956549178205 0
1.00660685649 0.0192831215328 0
0.0606569023503 -0.515330666905 1
-0.950649986022 -0.31984185111 0
0.302593167359 0.412615788722 1
0.496216380735 0.0449555787208 1
-0.444665990711 0.904629298483 0
-0.937797912058 -0.384393443537 0
0.0391284427791 1.01243701366 0
-0.862933546041 0.392881465033 0
0.33033170313 0.932853839796 0
-0.467867130694 0.23622314411 1
0.183665757311 0.479844481821 1
0.509638249049 0.0980295112564 1
-0.207323524168 0.953356430198 0
-0.815457754996 0.59956314365 0
0.938716244472 0.407122794231 0
0.368142650081 0.233402808502 1
0.213176992608 -0.466669193494 1
0.717821471159 -0.673013724667 0
0.98144580365 -0.18510911827 0
-0.201690838502 -0.97782573932 0
-0.232490451889 -0.453859970115 1
-0.482089510272 -0.89917920552 0
-0.0817298906293 -0.962988223999 0
-0.997280436509 -0.157124844812 0
-0.700836401845 0.686738004025 0
-0.455230259117 0.175835213088 1
0.255260818926 0.929743721693 0
-0.769639444507 0.703362034089 0
-0.778600524957 -0.563543418909 0
-0.995955876812 -0.0940623765109 0
-0.991482813142 -0.0111336034257 0
-0.438647950738 0.273484602826 1
0.243951342095 0.980160007625 0
0.405420095131 0.311525081776 1
0.0117601502682 -0.496928871933 1
-0.466927434575 -0.0707195340673 1
0.277323913511 -0.413665071959 1
0.707834233786 0.669394452331 0
0.0754081476719 -0.454555478636 1
0.423247924055 0.23393744376 1
0.475018042797 -0.0363013945997 1
0.133183083789 -0.464659625871 1
-0.955501246915 0.397426060636 0
0.348213311571 -0.882418663511 0
0.48624022455 -0.0985407094219 1
0.247627485222 0.957835329242 0
0.85019268377 -0.529526048115 0
0.145697014995 0.441029897328 1
0.599001938342 -0.812360839278 0
-0.178033316348 0.452587220799 1
-0.918126438057 0.256022499457 0
-0.514823569715 0.0727503083804 1
0.494948442886 0.015293144685 1
0.984550707775 0.0453276289308 0
0.00934110066546 0.500430447104 1
0.299184918548 -0.378586573859 1
0.0955211598494 1.0291971222 0
0.432910339749 -0.208943869058 1
-0.443758814997 0.245737758398 1
0.368487200482 -0.404471993126 1
0.273296774756 0.423965620644 1
0.097618110271 0.483602333314 1
-0.581440041937 -0.773973806177 0
-0.0821203070843 1.01225935607 0
0.351808948738 -0.947512171696 0
-0.505890952018 -0.0271592178154 1
0.996574432355 -0.0786930820678 0
-0.787742437447 -0.612654714515 0
0.781789348352 -0.632017326767 0
-0.304577310429 -0.429622197883 1
0.994972158549 0.123986020835 0
1.00609110331 0.00609346191023 0
-0.514400093745 -0.847802357475 0
-0.395890252845 -0.32374615661 1
-0.523157790055 0.199952437138 1
0.294974806465 -0.402805882406 1
0.165958538598 1.00867684936 0
0.96793689199 0.20763155324 0
0.665667455411 0.768702031968 0
-0.27503365046 0.391601731341 1
-0.891535795527 -0.499217918676 0
1.00510094013 0.0780217980152 0
0.670114842289 0.755289394922 0
0.854767527906 -0.517530833199 0
0.503721669348 -0.892544295646 0
-0.347373377135 -0.886898592218 0
0.91076058639 0.413689317229 0
-0.0927934511838 0.497393044592 1
-0.258517045988 -1.00166398913 0
-0.264961992387 0.400771545808 1
0.629473323751 -0.822882573584 0
1.03868722895 -0.163207079267 0
-0.583325374156 0.831164187124 0
-0.468990214446 -0.171927832714 1
-0.536081770324 0.0305179497548 1
0.45406258475 -0.226108506096 1
0.229623440177 -0.941167212075 0
-0.593525104538 -0.808600959563 0
0.19952793484 0.465085707878 1
0.329999201827 -0.315373565986 1
0.277664427279 -0.458914386425 1
-0.900762301841 0.374509799732 0
1.00493598664 0.0590645354149 0
0.878265281918 -0.479970452956 0
0.984880705769 -0.190220898643 0
-0.74641893764 0.659793917734 0
-0.349836316297 0.373300961253 1
0.0525668059758 0.492407031654 1
-0.993812322403 0.321812544044 0
0.296841459305 0.461204479169 1
0.398890129781 0.339076247036 1
0.583911627232 -0.861377313251 0
0.129034209656 0.447896394654 1
0.445903330898 0.876865449352 0
-0.703086358931 0.624420160294 0
-0.315307867207 -0.370587322176 1
0.3928351152 0.333494057803 1
0.307045150913 -0.35497268741 1
0.408134719726 0.943730656902 0
-0.0842478908676 0.506568109939 1
0.361467629542 -0.332110322467 1
-0.448954422351 -0.897755021964 0
-0.570401438368 -0.762997756543 0
-0.197757781858 1.01508608195 0
0.348119941963 -0.285164465387 1
0.183210629875 0.977206454786 0
-0.331670636477 0.368473345168 1
0.257149121538 -0.976666035476 0
0.417284969892 0.927241027537 0
-0.240470371244 -0.473916014627 1
0.388589613194 0.322352073856 1
-0.465417643239 -0.0252737225541 1
0.993529680747 0.352620197984 0
-0.829620065159 0.613566210742 0
0.741239282508 0.668390932317 0
-0.979455177559 0.127965367306 0
-0.087128139121 0.506302545288 1
0.47348391556 -0.892167432106 0
0.703647376312 -0.687197230698 0
0.249430570825 -0.46249233267 1
0.236169740888 1.01436375858 0
-0.470712109554 0.0392517029431 1
-0.181572594347 0.974192232125 0
0.593244230112 -0.807459379944 0
0.293249913356 -1.01180652782 0
0.00435874310041 0.958650580101 0
0.866474461411 0.472511502657 0
-0.927916613407 -0.459359916931 0
-0.254613727474 -0.469471889678 1
0.011003780186 0.959028356736 0
-0.990297409303 -0.260575563979 0
-0.505698517159 -0.0925148853695 1
-0.816829191614 0.646090236397 0
0.400770460088 -0.2618351322 1
-0.86390301645 0.582617668839 0
-0.941001539174 0.42954511663 0
-0.092481365594 0.449938954832 1
-0.520976619468 0.832749555844 0
-0.0719434559633 1.02027690767 0
-0.00133482888018 -0.512061890179 1
-0.119524288673 0.469896434286 1
0.760284459866 -0.629519348523 0
-0.988653275678 0.228216618469 0
0.520641041597 -0.0456987050617 1
-0.287175829824 -0.967583528013 0
0.938468012478 0.397246513382 0
-0.395133498303 0.323229396219 1
-0.985778370037 -0.167453022689 0
0.379498437235 0.925229553186 0
0.959420459632 0.143333827633 0
-0.266423150036 0.450264234546 1
-0.0803249320753 0.51905704928 1
0.837060017064 0.498916690215 0
-0.713133160485 -0.685554785865 0
0.491568430792 -0.877387443755 0
-0.292718020822 0.436236703868 1
0.893590356778 -0.50809463448 0
0.480245134275 -0.0389326550786 1
-0.0514541608794 0.483924096226 1
0.35689674043 0.360463943072 1
0.286008984773 -0.474075441936 1
0.501546263416 0.0861148928705 1
-0.485456183786 0.153829636907 1
-0.341359494724 0.950510347514 0
-0.532492354852 0.165108549835 1
0.292815231894 -0.363546259257 1
-0.235401491896 -0.931179847124 0
0.737858371269 0.708554836061 0
0.367948211939 -0.916118311982 0
-0.381311632983 0.927849168254 0
-0.517162458265 0.123883498612 1
0.873860349672 0.365593235916 0
-0.400252804968 -0.919008207387 0
-0.617233180564 -0.68711481787 0
-0.810880170969 0.566679430865 0
0.792450029984 -0.636781439957 0
-0.649402997575 -0.735340846806 0
-0.321724691231 -0.371603712443 1
0.449212203919 0.219577278717 1
0.450837382391 -0.923151023018 0
0.0593678206034 -0.509051057525 1
-0.720150786194 -0.691327273681 0
-0.958538973774 -0.201734966442 0
0.0869727400752 0.49611978582 1
0.653455170695 -0.720931752273 0
0.954571625362 0.380034676265 0
-0.110409283979 -0.946217533984 0
0.0951369668472 0.486487226389 1
0.269983108329 -0.444263294127 1
-0.396688293991 -0.24931635994 1
0.0823851637771 -0.971776360069 0
-0.219365400387 -0.474265393201 1
0.457528115393 0.155690224582 1
-0.45024023694 -0.870150039116 0
0.93437586001 0.140592692888 0
0.179528693942 -0.468394089766 1
0.922844538374 -0.36759964793 0
-0.179488680099 -0.989634965024 0
0.406824844166 -0.875556990126 0
-0.0914758192428 1.00089381914 0
0.382594600758 -0.314426040481 1
-1.01355000129 0.120869348535 0
0.537470757273 -0.845528869434 0
0.479513095728 0.244534008598 1
-0.398499898301 -0.214318099117 1
-0.303186985927 0.385566638715 1
-0.360585595515 0.24492302487 1
-0.0834613685205 0.534769857156 1
0.618864789403 -0.791835363958 0
0.858535620212 0.48687408385 0
-0.397454741463 -0.957577737058 0
-0.654330702472 0.735447338316 0
0.979503549078 0.20612575253 0
-0.984307919723 -0.0424952592122 0
-0.798047700477 0.592319141557 0
-0.479833243168 0.210324622614 1
0.551139094457 -0.814507327396 0
0.462497154384 -0.00414734710178 1
0.787986801057 0.600233867074 0
0.0805092497963 -0.466271863013 1
-0.781164277229 -0.62469983913 0
-0.855162422011 -0.484177219617 0
0.936149190245 -0.323794750523 0
-0.996889744978 0.0128163258727 0
-0.974674354913 -0.226444170195 0
0.189866066404 0.986834583984 0
-0.0949411107139 -0.526797124213 1
-0.749213339374 -0.734816015335 0
0.439545166055 -0.113883320193 1
0.516863654449 0.0161424507648 1
-0.430731915718 -0.901066750577 0
-0.146580797462 -0.472434649427 1
-0.451159500768 -0.278264625137 1
0.356281406443 0.265239179656 1
0.575711617278 0.777873519708 0
0.049506715319 0.479538120321 1
-0.870966775031 -0.475151463474 0
-0.674169026258 0.776515979997 0
-0.909347445012 0.397632304791 0
0.277809652163 -0.958436131812 0
0.193784100684 -0.464630333317 1
0.907405192705 0.480672196418 0
-0.481147351469 0.045258854575 1
0.350370552496 -0.305022522415 1
0.79857983213 -0.646640331523 0
0.277778454521 -0.420847706654 1
-0.331128777432 -0.426092554506 1
0.286635201734 -0.382562859268 1
-0.746932601772 0.656763450297 0
0.851877242965 0.588749711986 0
-0.109160870357 -1.04256798011 0
-0.0651245735701 0.490193653954 1
-0.770066368558 -0.646750458093 0
-0.432910460426 -0.088791866736 1
-0.942983488038 0.394712951584 0
1.01374232095 -0.17717415366 0
0.340736900359 -0.331497662604 1
-0.627620654967 -0.762207344051 0
0.313886488292 -0.378491320025 1
-0.369660675432 0.937036426242 0
0.544597380786 -0.0657598779727 1
-0.480387869812 0.858063715292 0
-1.01037492719 -0.13555211699 0
0.016289510012 -0.478766561795 1
0.811406620006 -0.530235974092 0
-0.321952121418 -0.356539152598 1
-0.387999316966 0.271324730483 1
-0.248723044799 0.426421296051 1
-0.993766174845 -0.153260900919 0
-0.479267645441 0.167176092396 1
-0.622141052677 0.826392350045 0
-0.789920738661 0.580494550811 0
0.285869054915 -0.363943481047 1
0.979350050373 0.374873566413 0
-0.930539412554 -0.250674211267 0
-0.0272955768955 -0.549460588054 1
0.726304829829 -0.658498865053 0
0.211372009196 -0.41568436918 1
-0.845515218597 0.549011586243 0
0.459136393933 -0.235286057193 1
-0.807391553619 -0.522620356134 0
0.302885444228 0.399701895389 1
-0.519899144895 -0.00240117367924 1
-0.37781412592 0.339917524612 1
0.982819893517 0.214555569965 0
-0.03711617472 0.544840500404 1
0.766872195202 0.63379551762 0
-0.74834974136 0.678210446782 0
0.915297512793 -0.419328862315 0
0.421426798657 0.266320003432 1
-0.71279342506 -0.7234610782 0
0.661987306698 -0.761239604012 0
-0.322970638871 -0.298869203222 1
-0.19825214306 0.41082200202 1
0.848431937167 0.442343302053 0
0.117712429257 -0.466897262348 1
0.292693974555 -0.373818991376 1
0.437073369174 0.311006074684 1
0.058771707021 -0.991068832105 0
-0.905416192868 0.469628101718 0
-0.415575140162 0.315629601915 1
-0.718625281635 -0.691266570667 0
0.00840554111384 0.493792073119 1
-0.179591824798 -0.454146826467 1
-0.00645839568864 -0.487362472423 1
-0.225603198088 -0.962232398418 0
-0.79611146672 -0.589479468099 0
0.819752764646 -0.538282270607 0
0.811871951233 0.620311669069 0
0.459092847009 0.125242051662 1
-0.556741082405 0.87285929836 0
-0.205239389285 -0.958543141427 0
-0.350254811914 -0.923211741129 0
-0.967762603588 0.307098844281 0
-0.0206010462186 0.541805872363 1
-0.343878096056 0.341159666218 1
-0.922457358991 0.342263676525 0
0.865908709884 -0.466288562317 0
-0.401414578487 0.900329478231 0
-0.337424616124 0.379929133405 1
0.996014507304 -0.251784064519 0
-0.881063880321 -0.426873442387 0
0.0986454581553 -0.46794892984 1
0.409853648556 -0.305913551487 1
-0.512681688512 0.0120119240831 1
-0.456351171546 0.270582087894 1
-0.438157665379 -0.160559411259 1
0.498694153183 -0.152262050506 1
0.0975159139314 -1.03836894767 0
-0.450573549732 -0.156462667711 1
-0.492757914917 0.165911783188 1
0.65831430547 0.7611828643 0
0.13423332591 -0.481372272836 1
-0.175144256762 -0.506155546936 1
-0.365467172262 -0.933961720732 0
-0.167782628374 0.48204529483 1
-0.934883064458 0.279769175025 0
-0.368058510435 -0.888972938128 0
0.474591691916 -0.0961231318163 1
-0.356146215309 0.933920280948 0
1.04960852805 -0.0939056036587 0
0.977489986195 0.341899433637 0
-0.140322916162 0.474451260804 1
0.356223067532 -0.970463591682 0
0.385619127591 -0.882400195613 0
0.407038079784 0.284205057806 1
0.369856994277 0.319700840854 1
0.344689934746 0.384572354932 1
-0.269411219784 0.976016599845 0
0.41407876481 0.214840297639 1
0.277738493756 0.446856954368 1
-0.935177220975 0.126835005955 0
-0.923955606323 0.222109120884 0
0.301201053598 -0.350601740651 1
-0.487774161237 -0.237155213688 1
-0.27388883236 -0.430909039755 1
-0.126115395885 -0.450782085716 1
-0.392378420781 0.277149631529 1
-0.496789256657 0.110237303271 1
0.442566916838 0.209246774716 1
0.973453892633 -0.0404447839497 0
0.806909777073 -0.643253052581 0
-0.0914589165688 -1.01322330089 0
0.488689460609 0.212212709305 1
-0.215301300699 -0.464741348534 1
0.742312283754 0.736555053595 0
-0.27921478517 0.448874769506 1
0.945939287151 0.331695595051 0
-0.349013235797 -0.399436020283 1
-0.340598112427 -0.375177924321 1
-0.270360773864 -0.439337716492 1
-0.346585614153 -0.256398927546 1
-0.191486163237 0.490317524819 1
0.30816088108 -0.374751201535 1
-0.949232198786 -0.187486076363 0
0.861788822175 -0.533881769948 0
-0.971057332708 -0.13995414048 0
0.117087083042 -0.459878129265 1
-0.507642952797 0.0255669094691 1
0.499670271595 0.863866230294 0
0.474566558292 -0.126863213124 1
-0.344507241229 -0.35233633398 1
0.482530899343 0.177600013264 1
0.321937926029 0.413937122701 1
-0.368313777731 -0.356788862803 1
-0.417801551474 -0.25633864902 1
-0.407492541899 0.301994001194 1
-0.472891016682 0.119057136633 1
0.1037661192 0.476687946992 1
0.717161275427 0.718582033677 0
-0.433076749844 0.178280998006 1
0.520716708348 0.899776286325 0
0.748814295169 0.584797531093 0
0.0337469217146 0.486867208579 1
0.249015577284 -0.949580765654 0
-0.376149616363 0.353901849635 1
-0.131026428237 -0.494608067363 1
0.846764028432 0.542381440148 0
-0.213444191623 -0.434583783791 1
0.905793334629 -0.397580184101 0
0.438617315824 -0.907760545666 0
0.773426788201 -0.692568920571 0
0.0668013709838 -0.527443101444 1
0.438516190122 0.895000465812 0
-1.02778412471 -0.030619065323 0
-0.852415299677 0.530626569128 0
-0.0684981881417 0.488204478133 1
0.799318697401 0.568564599991 0
-0.540265541136 -0.0346186653597 1
-0.634443293995 -0.777044428929 0
-0.474141708501 0.202562387355 1
-0.101959153436 -0.460154456807 1
-0.455823081583 -0.210989998456 1
0.358456690685 -0.375044305262 1
0.982254371083 -0.309706026886 0
-0.080385583815 -0.545577198973 1
-0.801756124112 0.556435761416 0
-0.521848738419 -0.900270034282 0
0.789607011753 0.531106688774 0
-0.0733054087415 -0.520967434551 1
-0.286574820367 -0.943686601106 0
0.446449737917 0.237708835301 1
0.0122329435316 -1.00951190265 0
-0.122171389123 0.449791177873 1
-0.140163598049 0.471461162868 1
0.00977765638066 -0.476718151547 1
1.00889224772 -0.187734082595 0
-0.119671735709 -0.487753093114 1
-0.527170501387 0.888828974175 0
0.354283420512 -0.388064350404 1
0.405102594458 0.296873304967 1
-0.0259014950267 -0.460963878494 1
-0.216691397219 0.463548307719 1
0.410689786607 -0.308728033377 1
-0.427162501083 -0.198949030681 1
0.830995500897 0.579498002348 0
0.178830410415 0.457217727256 1
0.472297921464 -0.20190336975 1
0.0465983985385 -1.02542788357 0
-1.01028641668 -0.163340356515 0
-0.403447864531 -0.333904638861 1
0.114862544939 0.447734608774 1
0.27186326182 -0.392164594028 1
0.582443951949 0.854784387658 0
0.244820969947 -0.479964709684 1
0.327651800745 -0.379631727364 1
0.497940271733 0.0880567241671 1
0.386951943937 0.397869865703 1
0.00833503548554 -0.981604828584 0
0.36359628388 0.902640720153 0
0.294813456152 0.410918102425 1
-0.308860468283 0.381241332957 1
-0.453802101062 0.234937612174 1
0.874450871982 -0.455564556498 0
-0.990208805885 0.0889059715185 0
-0.119616248422 0.466338855841 1
-0.23970805235 0.418624932318 1
0.240770588804 -0.416127644639 1
-0.413139787797 0.262425458543 1
-0.248431003403 -0.411670951512 1
0.329005203171 0.321387517574 1
-0.457065536722 -0.153009372009 1
0.116880996109 0.525650509335 1
0.263052157144 0.454240834512 1
0.533832880159 -0.848590447114 0
1.00838649322 -0.299941906222 0
0.611116203331 0.862819700419 0
0.40015819801 -0.903115506164 0
0.974107720691 -0.177139559859 0
0.270452398376 -0.44959202088 1
-0.100214477119 -0.519107150208 1
0.871554209654 -0.526185612325 0
-0.953405098426 -0.159989939825 0
0.347873602711 -0.351117764864 1
-0.146035751162 -0.495564392181 1
-0.436898557481 0.220754339838 1
0.124585725826 0.990365317738 0
-0.484087535555 -0.234455827614 1
-0.970845592464 0.275170962569 0
0.133833249845 0.452221790348 1
0.466791421946 0.918900649384 0
0.427912277135 -0.234900867883 1
0.00901368741392 -0.502793685152 1
0.248096471576 0.913286167043 0
-0.119360210927 -0.476647527982 1
0.193687369693 -0.44824405763 1
-0.0152573941668 -1.00476323311 0
-0.745604342945 -0.672588737997 0
0.360773316267 0.906574759882 0
0.213708677959 -0.459754528922 1
-1.01690976721 -0.00213530223449 0
-0.8410594613 0.52287056667 0
-0.489640135842 0.0203500525884 1
-0.635632869159 -0.818705690011 0
0.386247196893 0.914418090664 0
-1.00341136275 -0.28911313329 0
-0.490799206379 -0.15568101828 1
-0.426494132059 -0.225152150975 1
0.45939324803 -0.19843940053 1
-0.0830602994728 -0.474881683886 1
-0.0422337504838 -1.01963448306 0
0.00804667787517 0.470795969541 1
0.405160889316 -0.258383762926 1
0.572954010809 -0.79321956246 0
0.435074695256 -0.284350893649 1
0.143831023598 0.47917721065 1
0.72636628843 0.747535149112 0
0.453822289208 -0.161640524756 1
-0.456168033793 -0.874892966257 0
0.36857853986 0.900163801292 0
-0.066019887698 -0.491554685707 1
-0.484176584816 0.128281453583 1
-0.0323234972283 0.486686529351 1
-0.573498181787 -0.849667431431 0
0.481307656251 0.179168422833 1
-0.599580465283 -0.848984083629 0
0.201376519602 0.444500566455 1
-0.215338769805 1.00256589423 0
-0.578129779048 0.823436451972 0
-0.311419759941 0.439717639022 1
0.477217944188 0.205467945567 1
-0.863402366384 0.438320670948 0
-0.467045369043 -0.143008976682 1
0.363375457931 0.91338334792 0
0.335920897399 0.887658598818 0
0.539818269003 -0.848354323387 0
0.278032050579 -0.419908627577 1
0.938653522832 -0.490345328837 0
-0.939620904449 -0.339097320153 0
0.494197371621 -0.205288237617 1
0.444152283608 0.231151710057 1
7.68705069237e-05 1.02930521726 0
-0.331167586374 -0.969246029931 0
0.431054319219 0.323622735039 1
-0.382901194787 0.282663472147 1
0.539017429026 -0.0369001054536 1
0.0934127386219 -0.970132997693 0
0.515628979662 0.830314029785 0
0.611126722455 0.777533464655 0
-0.973331353787 -0.225364796759 0
0.0039441912567 -0.50240205228 1
-0.478055254739 -0.154828024427 1
0.443349716837 -0.240586306709 1
0.326434683828 0.339708123778 1
-0.644242163012 0.778763417378 0
-0.459551795737 0.857023377686 0
0.182881573598 0.47763434834 1
0.305860279646 0.364530995535 1
0.103074687921 1.01217141656 0
-0.584673030829 0.794599529019 0
-0.542826381778 0.809525912048 0
-0.846683772261 -0.52415152929 0
0.438370134199 0.184326185193 1
0.00151071922574 0.975745271684 0
0.227055467521 0.417847717704 1
0.374274923362 -0.962582046976 0
-0.488021465049 -0.149810908512 1
-0.198803729386 -0.488729260874 1
0.495715214156 0.000918620427271 1
-0.230797195074 0.960587724628 0
0.00125442856 0.55026698529 1
-0.378367485433 -0.281369373151 1
-0.518079357896 -0.825517193622 0
0.976119275054 -0.0603567652794 0
-0.617597720376 0.724303015337 0
0.454731292486 -0.185850846875 1
0.885683953732 0.475509840803 0
0.230431184293 0.98562909222 0
0.174285212562 0.436442602289 1
0.0311208075059 0.458783884614 1
0.728904972679 0.661327381299 0
0.0246528668452 1.04641371221 0
-0.376281056667 -0.925818780869 0
-0.960071984187 -0.319526574651 0
0.157530687907 0.51410138718 1
0.736546019122 0.678772279537 0
-0.214949016621 -0.975957872892 0
0.449616627236 -0.881954245151 0
0.621120935008 -0.793802234974 0
0.188008696645 0.4438405652 1
-0.137027701332 0.460576953274 1
-0.79547897935 0.527544233487 0
0.93115142324 -0.417109108227 0
-0.473096720914 0.136781527588 1
0.153540843432 -0.505885080209 1
0.806857187063 0.593752267616 0
-0.361229363278 -0.333665733786 1
-0.518475842209 0.152277635991 1
0.189888224491 -0.469251401554 1
0.456445024175 0.262481921815 1
0.938641616507 0.369350017039 0
-0.512766409436 0.833968683343 0
-0.847769463949 -0.557066884428 0
0.00656646512443 -0.478369530408 1
0.354991758955 -0.914896833869 0
-0.513446901674 0.0807444032665 1
0.458015045046 0.935919263713 0
0.256097266816 0.439049577764 1
-0.278205495301 0.39444505899 1
0.158475364355 -0.950376066954 0
-0.474556512052 -0.040996434785 1
-0.0629959461509 0.507952041092 1
0.922004998931 -0.352900819676 0
-0.250176701164 0.438112163861 1
-0.572203505321 -0.809131496915 0
0.692152893582 -0.7456857249 0
0.0990461279286 -0.485188591944 1
0.94751035556 0.239964321232 0
0.454298121811 -0.246742192219 1
-0.423279308246 -0.226988055992 1
0.24683042222 -0.400680003904 1
-0.979176145724 0.257203093262 0
0.038915371725 -1.0255087787 0
0.442072749791 0.901192073263 0
-0.388955995312 -0.273637094447 1
-0.190029493724 1.06646180466 0
0.294745138751 0.398958957285 1
-0.453677273592 0.0848532311445 1
-0.726347543216 0.738136626351 0
0.176235955906 -0.509458990525 1
-0.665227497774 -0.747498437074 0
0.088771069853 -0.433939290824 1
-0.318190553991 -0.426473794179 1
-0.626156887487 -0.775699171345 0
0.94713000796 -0.295749510393 0
0.399345602535 -0.341500967667 1
0.966232919874 0.243147203281 0
0.399488170506 0.289776301184 1
0.803986111629 0.650469262437 0
-0.414703553346 -0.276982550046 1
1.01641583069 -0.247890749329 0
-0.0310061013938 0.98197696037 0
-0.457328681317 -0.17611254051 1
0.173893855441 0.490894927163 1
0.431553599696 -0.246101933232 1
-0.454905887352 0.914369275017 0
-0.19584887707 -0.970752114197 0
0.212690964467 -0.451645026388 1
0.148949283863 0.960118718491 0
-0.943370544982 0.0129883504763 0
-0.207966583404 -0.485048468424 1
0.444377707092 -0.193018086943 1
-0.853096628595 -0.494949822396 0
0.586647939342 -0.77286402789 0
-0.989326023701 0.123537552927 0
-0.267700089543 -0.465291502342 1
-0.430010142077 0.880494913138 0
0.756874399379 -0.627835609998 0
0.489613347504 -0.869727663535 0
0.980819455345 -0.283084736177 0
0.023762725704 -0.506991723659 1
-0.472873517764 0.0166415005559 1
0.207607839624 0.409804572518 1
-0.378340754434 0.299694526186 1
-0.447871203598 0.166205456891 1
0.162824180595 0.45562047608 1
-0.477456947562 0.140795168222 1
-0.671459336962 -0.726686112881 0
0.281863666319 -0.416210337854 1
-0.473552128557 0.0874730121335 1
-0.690495814941 -0.722662583891 0
-0.470443126734 0.136560047045 1
0.545023675596 -0.825043309596 0
-0.339123783651 0.383693786439 1
-0.88431474346 0.442113813568 0
-0.143821966056 0.998334509716 0
0.200721237642 0.486293155353 1
-0.448580880944 0.274941092273 1
0.0449793855321 -0.458312740326 1
-0.362721465315 0.317952583513 1
0.301832192155 0.96496254812 0
-0.249059394887 0.412365896989 1
0.175755966463 0.473284751967 1
-0.415642847881 0.347623652986 1
-0.958431382912 0.187263384318 0
-0.0840722836356 -0.477050917149 1
0.460268915675 0.901228045054 0
0.93753621708 0.410041034223 0
-0.405164051476 -0.292346176331 1
-0.350933508028 -0.35265108932 1
0.442935009656 -0.236280384794 1
0.290077727806 -0.432993348276 1
-0.974195014909 0.211360644573 0
-0.462197507251 0.94048067025 0
-0.661021086504 0.748732432563 0
0.972661012762 0.351685797387 0
0.324840954487 0.399943432967 1
0.405294329867 0.284552439102 1
0.0941561417955 0.478093998201 1
-0.469494556368 0.113648095741 1
0.488976067198 -0.259037966931 1
0.394496957277 0.308458273378 1
1.00216842386 0.155154182378 0
-0.0881470364378 -0.537880128871 1
-0.320552611189 0.356819133779 1
-0.197731491936 -0.458830888313 1
0.480085728833 -0.174038047167 1
-0.987760844753 0.211608560313 0
0.0410136587104 0.515386747056 1
-0.452877840285 0.168965859838 1
-0.359278331225 0.387444853118 1
-0.411138113262 0.897618762539 0
0.478933364226 -0.114180827798 1
0.992017368605 -0.180110389228 0
0.508093425902 0.135262552407 1
0.299813068294 -0.423223456682 1
0.759013012985 -0.568870600402 0
-0.970942933411 0.160493737586 0
0.214590222322 -0.486210788592 1
-0.984679897689 -0.295400305064 0
0.191457027248 0.469070653545 1
-0.104702385232 0.973675503124 0
-0.607270213898 -0.808575281404 0
-0.0294059620722 0.985196790024 0
-0.266541410613 -0.395658886833 1
0.0928475783587 0.986301694733 0
-0.377134177189 0.340364442135 1
-0.0189459865714 0.487911249583 1
-1.03055848998 -0.0114753157532 0
0.466413714571 -0.880732818001 0
-0.496459185111 0.0914915224819 1
-0.409007240181 0.325200973762 1
-0.500760245767 -0.0632723620392 1
-0.298984238928 -0.42028132276 1
0.575771656474 0.800786619815 0
0.96017027738 -0.140457640405 0
-0.263255192576 0.448787665111 1
-0.146627397178 -0.960412699222 0
-0.902214258241 0.266301499792 0
-0.0645045131692 -0.506186218741 1
1.00747726277 0.177390474692 0
-1.01384709024 -0.0941634909792 0
-0.449344292765 0.2376946722 1
-0.968759053302 -0.131400268807 0
-0.681630728749 -0.747354463841 0
-0.0483297343284 1.03740607747 0
0.430433376356 -0.868451155069 0
0.207000367481 0.935029684422 0
-0.359473115485 -0.312366557371 1
-0.478774046374 0.0968049211384 1
-0.406556473447 -0.26810895772 1
-0.970013732405 0.107574776983 0
-0.954089895842 0.319374631148 0
0.290255995296 -0.349899503692 1
-0.814182563596 0.622881701108 0
0.462824286323 0.000420669501505 1
-0.205909167505 0.438396843442 1
-0.431646756675 -0.219379704229 1
0.56560791816 -0.859747198133 0
-0.15583909963 0.464210862938 1
0.120631806715 -0.550527206227 1
-0.0102964868108 0.490121449755 1
0.492149250345 0.132371098383 1
0.323383091724 -0.339889174949 1
-0.24397165485 0.936974805813 0
0.0918106199534 0.437655771018 1
0.453519174163 -0.252316385711 1
-0.354517235518 -0.924942043181 0
-0.530143010724 -0.0509708806919 1
0.0642583221181 -0.478165237587 1
-0.43362016542 0.20515782147 1
-0.224751489607 0.453656427429 1
0.433315833998 -0.299306645485 1
0.588605386381 0.788944143764 0
0.562182935044 -0.93075488905 0
0.0632555675951 0.418663268835 1
0.108420538679 -0.534202341721 1
0.0457137647595 -0.919943074384 0
-0.288223431744 -0.348536856249 1
0.414389198554 0.298029829012 1
-0.702790721561 0.724135321303 0
0.2209365084 -0.468409170374 1
0.955725786948 0.311298406998 0
0.262833211712 -0.962897661705 0
0.196470738031 0.457605929575 1
0.458083156092 -0.23242461245 1
0.0585262315668 0.983814635362 0
0.249833980621 -0.941249775675 0
-0.95941943079 0.0917763303219 0
0.197342589446 -0.442889755346 1
-0.526421013743 0.0201361718292 1
0.169758262261 -0.50204177063 1
0.441508187135 0.248275216925 1
-1.0546832863 -0.0653736862986 0
-0.49002943403 0.00218131690182 1
-1.02391538233 -0.188680912424 0
0.629268153721 -0.766125002299 0
-0.231569056486 -0.394173722174 1
0.400692956615 0.274988234393 1
-0.718563496532 0.66018338626 0
-0.964796982806 0.301880568963 0
0.659523337059 0.743127330767 0
-0.585864918918 -0.780421837726 0
-0.961547349833 0.231735199249 0
-0.513411894289 -0.083495104335 1
0.42994715329 -0.258936362949 1
-0.922548585364 -0.418576231816 0
-0.508876949664 -0.831559995479 0
0.435160478027 -0.282113740343 1
-0.387113535989 -0.895202232307 0
-0.0684102392656 -0.428519380836 1
-0.28241363101 -0.975144707877 0
-0.443946084322 0.152929819431 1
0.472455663498 -0.268388705498 1
0.408690777335 0.280835360804 1
0.0511647627911 -0.997908093589 0
0.0143105734973 -0.997813742597 0
-0.629533940635 0.756979387634 0
-0.980797126273 -0.0838964558099 0
-0.11019855516 -0.490100294369 1
0.532725565442 0.837998953055 0
0.229971863847 -0.455421648378 1
-0.163880430103 0.476029581148 1
0.798574543097 0.596566856627 0
0.656128043477 -0.728245405476 0
-0.789365061965 -0.668528989893 0
-0.0198125475917 -0.505086900271 1
-0.93306014065 0.320986948294 0
0.0793474459824 0.503538808928 1
-0.138515874863 -1.00338584488 0
-1.03418371569 0.194592698529 0
0.276031721904 0.411864922146 1
-0.37926452214 0.366661553346 1
0.489588340974 -0.165836333259 1
0.418413332711 -0.210126095539 1
-0.199028579111 0.973203476345 0
-1.00215146422 0.0543764778425 0
-0.952384066949 -0.406311641269 0
-0.205700411975 0.503639866481 1
-0.338504901307 0.952183608611 0
-0.547306393168 -0.837943410888 0
-0.457317491678 -0.25326110233 1
0.396700282964 -0.351404532728 1
0.538985325295 0.0280558942434 1
0.855259077973 0.470597654352 0
-0.177692598965 0.467357928194 1
0.349947659616 0.374245827895 1
-0.513337993949 0.0476207678113 1
0.36794825861 0.321166419024 1
0.34617723312 0.975890167318 0
0.500611079972 0.0267515656693 1
-0.151605457225 -0.483571943486 1
0.245488775257 -0.436472794304 1
0.487829249113 0.83032342321 0
0.985485507011 -0.101413000126 0
-0.505771316202 -0.0680008333673 1
1.01532515067 -0.139519147098 0
0.945891528283 -0.396523335824 0
0.364772076933 -0.337073261716 1
-0.367545422893 -0.947736877206 0
0.318876449078 0.929617280112 0
-0.343973394087 0.328429437522 1
0.828321669275 -0.498691986876 0
-0.317245206612 0.945651295425 0
0.949755080243 0.139133980251 0
-0.964282524318 -0.374308059618 0
-0.293128259195 0.953503442726 0
0.449895105503 -0.0467229399766 1
0.0992581482855 0.499498333823 1
-0.799539723902 -0.636819550276 0
0.403667410087 0.351534123167 1
0.49339869896 -0.0292582659269 1
0.15267453338 1.02293392432 0
0.321264551093 -0.982371823064 0
-0.462681223118 -0.0356899378932 1
0.502520297207 0.132732466864 1
0.172137367278 0.44467741017 1
0.818985722977 -0.514113903165 0
0.477657167237 0.154532466843 1
-0.340091382687 -0.416488844773 1
-0.981312863041 -0.155719121885 0
-1.00378869632 -0.1002073774 0
0.921986074604 -0.129359076804 0
0.490078117681 0.0380086005923 1
-0.882581413104 -0.40620778822 0
0.426798632062 0.178797333563 1
0.112065587085 0.461028089983 1
-0.480609519868 0.150081569338 1
0.352708005346 0.409256902443 1
-0.69916018623 0.736057920688 0
-0.703204930229 0.75629755335 0
0.115059515812 -0.996477859491 0
0.213332589185 -0.436806983374 1
0.330838641794 0.369097184602 1
0.0106840420666 0.474785077289 1
0.136694122449 0.499958225351 1
0.820501142717 -0.563787147298 0
1.0284921813 -0.156950919359 0
-0.967599516088 -0.0111735741242 0
-0.426162870961 0.292696973597 1
0.398409007034 0.897285286054 0
0.37311641636 -0.893159962392 0
0.00130866516438 0.964762273458 0
-0.244991993066 0.474532688626 1
0.291639514891 1.01131991269 0
-0.428193727362 -0.87856139301 0
0.215275886595 -0.471265707035 1
-0.4882824437 0.8625657675 0
0.473279907305 -0.248509279191 1
-0.19006064797 -0.446192305142 1
0.479091782501 0.0989310999877 1
-0.838821489629 -0.534404107055 0
-0.649482619561 -0.673563444936 0
-1.00175684361 0.230650113005 0
0.38428343956 -0.333086842541 1
0.195580672135 0.459973172518 1
0.0992275276149 0.507701173631 1
-0.456230757538 0.133562099848 1
-0.85743123489 0.488243216611 0
0.202233432081 -0.493658084166 1
-0.429721869789 -0.339441747388 1
0.541548391606 -0.184373046035 1
0.450654202595 -0.130176765444 1
-0.287017107635 0.412714716058 1
0.844377865018 0.513798304453 0
0.0129677086614 -0.97136277819 0
-0.436128268444 0.9350643597 0
-0.50398115775 -0.117400636467 1
0.209377810696 -0.436677098699 1
-0.531503104052 -0.0496797316514 1
1.04295201887 0.131626576569 0
0.854985211154 0.545013313721 0
-0.43068846074 -0.280337315713 1
-0.321944287913 0.916260918896 0
0.53212363925 0.857742233097 0
0.195227916946 0.468801664424 1
0.868643499537 0.465706376182 0
-0.286735542925 0.394492445245 1
0.406837762432 0.914818366416 0
-0.289451491037 0.389697317688 1
0.0600094186372 0.512043193556 1
0.967118882961 0.21204031396 0
-0.581175717716 -0.819738376095 0
-0.458116796669 -0.019761150408 1
-0.498204561121 0.863004873573 0
-0.582002569042 0.811704467331 0
0.51558797941 -0.139211425732 1
-0.0431770351213 0.536693390909 1
-0.949661690797 0.451837447947 0
0.473158320577 -0.0423712127127 1
0.151047006117 0.979943511236 0
-0.953434476085 -0.317004050262 0
0.311988053336 0.370386871291 1
-0.962218794908 0.149887090585 0
0.523638194754 -0.12916857503 1
-0.868767817588 -0.547551020306 0
0.909059545253 -0.410167441325 0
0.0494542585194 -0.491533767448 1
-0.789120023796 0.642028900948 0
-0.852435733777 -0.554913862729 0
0.915085335851 0.40720123178 0
0.401496563676 0.324424723645 1
-1.0003923926 -0.0995652030634 0
0.503963452016 0.0382828525775 1
0.954993758786 -0.269888896074 0
-0.151962346335 0.471861603203 1
-0.947874798195 -0.315484842294 0
-0.240820592189 0.414489576101 1
-0.447038444586 -0.309917964742 1
-0.483336082624 0.893406863037 0
0.124471772393 0.52055053172 1
0.819712858279 -0.564017134516 0
-0.493188462969 0.0330295984854 1
0.975179609369 -0.302398052887 0
-0.11970367427 -0.475171199741 1
-1.02381791663 -0.0629451950526 0
-0.336787681186 -0.353530491835 1
-0.469150540976 -0.0255734446165 1
-0.913631726924 0.33366725689 0
0.985609260056 -0.0678793897848 0
-0.308157574733 0.376245223137 1
-0.000618555612974 -0.957060132533 0
0.193475057971 -0.970809252928 0
0.0373613677371 0.550887028084 1
-0.254637281073 1.00978964622 0
0.131860804694 -0.516229199508 1
-0.108669985153 -0.998968511061 0
0.742957843631 -0.694444332555 0
1.00316779821 -0.044839757858 0
-0.147226606898 -0.975216497097 0
0.201551802457 -0.458173879592 1
0.438727606356 -0.216202768946 1
-0.917285524676 -0.445650042796 0
0.882026028637 -0.45715249126 0
-0.263865119643 0.428816362653 1
-0.284382146571 0.915939452769 0
-0.279193432931 -0.957265320264 0
-0.132298542361 0.472994091852 1
-0.387866566534 0.276086722864 1
0.924699704869 0.405584615127 0
-0.121026596429 0.508824880957 1
-0.0359246096981 1.0067068555 0
0.268983445169 0.932605724116 0
0.143842278195 -0.480877789288 1
-0.456307197501 -0.184698947065 1
-0.217998266395 0.422396306369 1
-0.960770548331 -0.265033084551 0
-0.503340938511 -0.107245323276 1
0.308913132511 0.938431573657 0
0.410957776494 0.304095944362 1
-0.446833184553 0.252209024829 1
0.169241444068 1.00748830309 0
0.0157128291684 0.994107707941 0
-0.849533622663 -0.514922426084 0
-1.01776527047 0.0219202965126 0
-0.971473620403 -0.207977320764 0
-0.499316473697 -0.155950869985 1
0.246199887553 0.435103462497 1
-0.297393643043 -0.425756896116 1
-0.763609981486 -0.614273608614 0
-0.883691718763 -0.456380125565 0
0.958274455997 0.331767025577 0
-0.502419944746 -0.85556602065 0
-0.376507370219 0.299097449379 1
1.03691328386 0.00147623167308 0
-0.323929620014 0.364992447053 1
0.725413139915 -0.747677303219 0
0.518689493399 0.868275251051 0
-0.321482879635 0.926091405102 0
-0.935955705944 0.421664818028 0
-0.480329779571 0.184493587238 1
-0.460081413392 0.876733752405 0
-0.296760722495 -0.438062150597 1
-0.998030170714 0.0652427996303 0
-0.812363360714 -0.617013472073 0
0.503426396417 0.0987150511664 1
0.907960526167 0.374591642515 0
0.306101288373 0.437558514037 1
-0.281643777013 -0.933147478353 0
0.503039022491 0.11638740707 1
-0.430550994591 0.220024236302 1
0.982859396005 0.0172879245946 0
0.962301430352 0.369089159906 0
-0.130308687583 1.02591210055 0
-0.41037243489 0.309076976275 1
0.172635207267 -0.503800551518 1
-0.31071320771 -0.38434786256 1
-0.432547063569 -0.238714063859 1
-0.461496950714 0.0229935725673 1
0.125108648343 0.455505229638 1
-0.319585762991 -0.96234840519 0
1.01764516902 -0.0461625444745 0
0.956987351269 0.131610800107 0
0.997928048177 0.00209647239353 0
-0.791228556979 -0.569021515605 0
0.162793219063 0.511846534905 1
-0.44182557533 -0.889946103233 0
-0.632828773947 0.766763409256 0
0.310755222759 -0.389668374491 1
-0.376326879219 0.305997352572 1
0.238728300908 -0.991371337371 0
0.937159041951 0.232497834009 0
-0.966918450893 0.297522589139 0
0.45337553697 0.834538203343 0
0.112156739326 0.510379791582 1
-0.291074263467 0.382477108841 1
0.361038726499 0.365076299096 1
0.630828836959 0.779721773747 0
-0.449624869609 -0.160546838217 1
-0.172876373264 0.452600489667 1
0.501639271156 0.0616336260392 1
-0.0552416889867 -0.510039795586 1
0.328316851132 -0.93413507537 0
-0.0102106814754 0.50447493907 1
-0.927182262164 -0.338714565666 0
-0.021581600442 -0.983337439959 0
-0.522395199452 -0.0418494017937 1
-0.369556538101 0.358003260533 1
-0.164027984205 0.504289778923 1
0.955906201631 -0.0515160677803 0
0.392686620393 0.325764563023 1
0.0796103249273 -0.995476602425 0
0.154751980462 0.980912435907 0
-0.280053089873 -0.974192089367 0
-0.187972495644 0.449979804136 1
-0.140353930082 -1.0018537429 0
-0.17404077482 0.464504146468 1
0.897741654475 0.473940847016 0
-0.118331424171 -1.06084516768 0
0.875970610244 -0.438110350236 0
0.370359536456 0.284966715556 1
-0.478672201949 0.00204093837362 1
-0.442443395214 0.195378757767 1
-1.0082055131 -0.200741600145 0
0.910094481116 -0.273680703374 0
0.64888359386 0.795574471579 0
1.00717959966 -0.128484049892 0
-0.187597067324 0.447753551219 1
0.769594117284 -0.613892670398 0
-0.519011588915 -0.0788529960378 1
0.749964211696 -0.736799889463 0
-0.377991787916 0.369421000171 1
-0.522152802297 0.0718972714211 1
-1.0041119954 0.0928417745137 0
0.0532875128364 -1.01691681065 0
0.496142385494 0.0221589379919 1
-0.99178835446 0.0400038617609 0
0.378428233065 -0.353463333108 1
0.0140819406356 0.486375303982 1
-0.582132373908 0.857503962332 0
0.272608152445 0.98338299783 0
0.0021285972374 -0.994862338217 0
0.538009599371 0.865576423801 0
-0.930535476694 -0.444890214706 0
0.29465962057 -0.948983258762 0
-0.419338599785 -0.242542602585 1
-0.0518838473505 0.501493552057 1
0.416552118604 0.936437318386 0
0.170533690209 -0.436812753436 1
-0.84624893281 0.522918628604 0
0.820425284419 -0.582065829827 0
-0.32817949308 0.352605544228 1
-0.48847329152 0.0300328934443 1
0.473508417626 -0.25228994367 1
0.472740886448 0.231075445781 1
-0.907781784773 -0.430839539434 0
-0.153251268293 -0.48222419673 1
0.536114480883 -0.842983219584 0
0.354583095003 -0.313250280706 1
0.427415599101 -0.260413031059 1
0.984009315049 -0.193411194526 0
-0.378716769294 0.340787963067 1
-0.285252910798 -0.399526800015 1
-0.487489810021 -0.166500036972 1
-0.0201586771852 1.01215865252 0
0.847699009596 -0.509850874237 0
0.433721442529 -0.166557170209 1
0.503831637584 -0.178666370227 1
-0.861486631058 0.491100715777 0
0.239178852595 0.42613235534 1
0.507775223934 -0.131842813139 1
-0.421780023934 -0.274098122508 1
-0.71332564104 0.701323996548 0
-0.481207814852 -0.140413857145 1
0.244267126449 -0.448063425597 1
0.446215322511 0.231045475788 1
-0.00606302091432 0.490113375678 1
0.884676880441 0.427964215326 0
0.44624404327 0.154151143431 1
0.504363892274 -0.84250559092 0
-0.0479685875075 -0.480858824505 1
0.486769155148 0.105492695033 1
0.0960706311119 0.976874368321 0
0.411229388896 0.333549568391 1
0.545637593379 -0.861787384713 0
0.420627499599 -0.24623246339 1
0.4493475237 0.228664803083 1
-0.0341607629977 -0.505396217777 1
-0.683287180416 0.740590251337 0
0.454489814559 -0.26888513595 1
-0.91722580681 0.422267089818 0
-0.872103191271 0.497732373947 0
-0.738210831066 0.706121333499 0
-0.472518798749 -0.174445060502 1
0.590437886914 0.840566172728 0
-0.247542788334 0.423142613137 1
0.995337289807 0.205044329529 0
0.310225381358 0.414816525682 1
0.48520434239 0.108318894191 1
-0.414958953701 -0.315313596815 1
-0.0481555875184 0.482352004643 1
0.292603219404 0.392549557085 1
0.772898897644 0.574279250961 0
-0.49337808535 -0.178163138824 1
-0.404273198133 0.893595981178 0
0.872701195903 -0.494718406578 0
-0.210023510495 0.978136984159 0
0.450843760293 0.210798863985 1
-0.495368165866 -0.822643088864 0
0.160113714087 0.980016219605 0
0.977084834153 -0.336695569927 0
0.511093431995 0.201789574865 1
1.02813523966 -0.00325665681795 0
0.911137690984 0.454114184186 0
-0.415691582408 0.0517074007637 1
-0.502208314891 0.0333813405683 1
-0.344176111636 0.911243210585 0
-0.423707499375 -0.219332593599 1
-0.984454235685 0.0771811964169 0
-0.222194771414 1.0177548115 0
0.410313753913 0.323324835439 1
0.46250853412 0.248807324194 1
0.0214645753758 -0.531578403517 1
-0.22732014698 -1.01751404333 0
0.167051514793 -0.459212788056 1
-0.342492633076 0.970988941733 0
-0.43855110982 0.277522880562 1
0.968547179412 0.278613332847 0
-0.614936239754 -0.791964018244 0
-0.955383077409 -0.243997081478 0
0.521751059867 -0.11925976492 1
-0.638221161843 -0.743875702947 0
-0.301587886262 -0.440874326543 1
-0.0681981702048 0.466367313683 1
-0.75508252913 -0.605217666227 0
-0.236220899841 0.447386700075 1
0.230480224123 -0.980040805527 0
-0.450483530754 0.932702215302 0
0.478747175626 0.0310237384911 1
-0.474192132127 -0.201245981269 1
-0.305582243628 0.393671635103 1
0.589341623437 0.810942750895 0
0.129188961991 -0.491704980202 1
0.947575781777 -0.277745834287 0
0.206537200845 0.436700970398 1
0.323692170958 0.952054565959 0
-0.211641816948 -0.93471349915 0
0.708324771038 -0.71683343644 0
-0.978943268906 0.226399916224 0
-0.864892588492 -0.432507197443 0
0.34155168944 0.347569033707 1
-0.111212851233 0.462980190783 1
-0.997942136383 -0.00337386118992 0
0.0782867728784 0.977049670271 0
-0.00584650200502 -0.461962380885 1
0.374769116403 -0.979073749542 0
0.848288875491 0.465439763492 0
0.530224950871 -0.0631899211241 1
-0.470751003881 -0.192474784249 1
0.049821327486 -0.479582307813 1
0.333397757236 -0.389813577937 1
0.617823164058 -0.697706393035 0
-0.142410763483 0.446061448022 1
0.216319977944 0.431734029446 1
