0.150189737641 1.02395177942 0
0.449631420715 0.872220895708 0
-0.227843797027 1.00458162108 0
0.820645043348 -0.466738464098 1
0.0325510832048 0.989977161607 0
2.00080770051 0.337844515898 1
-0.919637310424 0.471543223323 0
1.44073895515 -0.376598732548 1
1.02147887125 0.115087855207 0
1.78312384325 -0.0965106044728 1
0.940674676158 0.368354725736 0
1.95271286392 0.431759492948 1
0.110234836668 0.0734089373651 1
-0.925328476919 0.295989766903 0
0.982013785894 0.144600861478 0
1.54821855051 -0.335265736353 1
1.7214449909 -0.269614089787 1
0.555628971525 0.86819010606 0
-0.89809011393 0.466973907729 0
-0.933205576611 0.367913768962 0
-1.03984536575 0.0627844812994 0
0.158317487246 0.0073974268084 1
0.043322865299 0.203255471288 1
0.426437413414 -0.305201351505 1
0.83837645676 -0.493805216278 1
1.60082202029 -0.277746390597 1
0.0466964326918 0.207260759637 1
1.14592127126 -0.522881334304 1
1.9276108261 0.13139164028 1
-0.957174333103 0.0673911880894 0
-0.291225532359 0.959728597428 0
2.01593757308 0.416989355514 1
-0.00347634306251 0.394874225262 1
1.72705832299 -0.199716657308 1
0.938047539768 -0.497858985249 1
-0.958029343547 0.0466608827145 0
0.732701034186 -0.439419308 1
0.0442034416958 0.234038850065 1
-0.773426200566 0.635359691803 0
-0.833938563934 0.548786382159 0
-0.924878824884 0.441129494768 0
0.248807568392 0.997939778078 0
0.15033701329 -0.0528698755003 1
-0.429344612839 0.857231059194 0
0.683445310151 0.715715084297 0
0.510520953751 -0.366418670689 1
0.496925066352 -0.376450629502 1
1.56942126841 -0.360930936988 1
-0.812609670057 0.626332747661 0
0.653026703155 0.717471681813 0
-0.978837788139 0.0428837395999 0
1.49018156835 -0.436510783148 1
0.742469412464 -0.454245147047 1
-0.786828435833 0.600353771144 0
1.85423955803 -0.0483307122197 1
0.021880606469 0.305188110695 1
1.3067018659 -0.473710500069 1
0.674156386729 0.714233583121 0
0.467587578362 -0.331240130639 1
1.62157359976 -0.294197220883 1
0.996795401216 0.107348536539 0
1.42421427298 -0.401567831436 1
0.38602256731 -0.284669713398 1
0.0641080452502 0.009881714424 1
0.219653819596 0.947425868769 0
-0.502857144607 0.879529484403 0
1.46032813472 -0.400493100538 1
0.630395481949 -0.41127841718 1
0.567328632404 0.817410600154 0
-0.788057805834 0.656571529525 0
0.749550778156 0.62285308267 0
0.210891550189 -0.114684615616 1
0.897564767717 -0.48404802868 1
0.243386544751 -0.165071275987 1
1.93594513726 0.180608121163 1
-0.302985359571 0.978079623451 0
1.38626061552 -0.417145847142 1
0.468591432275 0.901521173472 0
0.599311703701 0.776224867913 0
0.0923195767194 0.120741686686 1
1.84782607144 -0.0263539940852 1
-0.968245603823 0.236687350853 0
0.0254743922675 0.411121730444 1
-0.657550361642 0.720808209608 0
0.404983411763 0.909136807614 0
0.99463872642 0.286520363231 0
1.42508704603 -0.416333028889 1
0.97675812618 0.310024119786 0
1.42141140356 -0.43837197672 1
-1.00321036848 0.274263402453 0
-0.824336817191 0.569818217139 0
0.43497907466 -0.309196400483 1
-0.523669261469 0.830518853295 0
1.89826735857 0.0610895425296 1
0.952072109922 0.3915324357 0
-0.563813902696 0.823599236346 0
-0.99973018176 0.19607771719 0
1.41460583799 -0.432000255033 1
1.82403313782 -0.0188380593845 1
-0.207369175612 0.957942449566 0
0.776276191747 -0.465382020964 1
-0.170704440676 1.01056374758 0
1.84120116395 -0.0793858876874 1
1.94096282478 0.071907606659 1
0.404237566969 -0.328959488626 1
0.210760705854 -0.151474044638 1
0.0835810857548 0.97283955286 0
1.09162583607 -0.506469202102 1
0.224777848576 -0.108119047241 1
0.149374503277 0.0784267857387 1
-0.245460248361 0.972588592385 0
-0.983966325219 0.00797130522056 0
-0.819878800756 0.566025259349 0
1.61247727445 -0.274123179627 1
-0.908288832366 0.299922795364 0
0.25143411885 -0.161522026537 1
0.638209682991 0.768380833907 0
0.925593126101 0.267229744301 0
0.183519296916 -0.128781855671 1
0.213074795778 -0.116230902806 1
0.252467292839 0.974377120043 0
-0.939487950256 0.360994705525 0
-0.44621111441 0.906223723718 0
-0.335108566028 0.900516072963 0
0.967353276214 0.323100481399 0
0.0711537359931 0.0747867683322 1
1.56008929317 -0.344157450011 1
1.88494427196 0.0764332394721 1
2.02136731808 0.523848198628 1
1.01658755146 0.0648217707233 0
1.92935217945 0.0828580263277 1
0.60126437913 0.761284800919 0
-0.104053178065 1.03381854552 0
1.73911676031 -0.178383495153 1
1.07317095576 -0.515405986404 1
1.66515094434 -0.287182713359 1
-0.378549450165 0.95646696117 0
-0.922510663895 0.299278658436 0
1.88113407335 0.0365338100166 1
1.97228003091 0.280074396499 1
0.0420799580227 0.990464930872 0
0.0223070775042 0.213556509945 1
0.927392254626 0.420652197346 0
-0.00262214722365 0.306757059738 1
0.740763636792 -0.446463407156 1
-0.681943627168 0.752437290196 0
-0.975106973497 0.198485294616 0
-0.293805671502 0.946450948945 0
2.00975000505 0.484158098724 1
0.0729009077376 0.181887065097 1
-0.103043772181 1.00330727953 0
1.96516996039 0.461823382136 1
1.02616462963 0.129985561358 0
-0.855219221359 0.480459007663 0
-0.91234816993 0.451123017404 0
-1.01476050876 0.211286077608 0
-0.971928167162 0.22975793983 0
-0.969984645937 0.152329729611 0
0.986614000617 0.0300283911783 0
0.874152424276 -0.462371961282 1
0.2799700353 -0.156548543543 1
0.671827783532 0.784796127432 0
-0.998160374641 0.0881775031927 0
0.233371841964 -0.170178764144 1
1.92646812448 0.169549357898 1
0.878647498556 0.422064967472 0
0.877736848059 0.405225966636 0
-0.012919571868 0.432561971905 1
-0.394652743232 0.897904658368 0
0.0111736467006 0.376873157554 1
0.293858215651 -0.23348122981 1
0.057682397232 0.100190626508 1
0.403465456083 -0.318377388543 1
0.627319768864 -0.470562522874 1
1.99171091562 0.411538845995 1
1.12504472524 -0.505362865691 1
0.671887636828 -0.466005287624 1
0.04449905907 0.38700830433 1
0.163569412038 -0.0859619002185 1
0.142080870036 -0.0207847479778 1
0.381753308296 -0.236605591597 1
1.18991433015 -0.511341816069 1
1.28013988431 -0.496991495309 1
1.15123592823 -0.479106608641 1
-0.768830616443 0.631092645166 0
0.304938840688 0.93744730162 0
0.243408439471 0.988961951162 0
-0.288156135636 0.924646076482 0
0.98768223945 -0.0117178038443 0
1.67283484948 -0.243712209498 1
0.599834646473 -0.410318547304 1
2.0495542785 0.367214256845 1
0.629072705137 -0.433831866347 1
0.072951493105 0.193074881087 1
1.03426020186 -0.461123172325 1
-0.986141624721 0.272121640036 0
-0.170271411089 1.05305329163 0
-0.820319351454 0.575353645824 0
0.994630929066 0.235432726199 0
0.913872761897 0.424659646243 0
0.0247691632132 1.03441149678 0
1.03030387867 -0.532426931738 1
1.74371805517 -0.238983502207 1
1.43039698814 -0.403699554073 1
0.513336680831 -0.396568294216 1
0.581414860554 0.798249626826 0
0.0187336672925 1.00167731802 0
0.402079454155 0.905569999108 0
1.57068595522 -0.31163915221 1
0.957716411128 -0.477962856055 1
0.0736624840624 0.174076350577 1
0.026029653228 0.465632053043 1
-0.748871759882 0.728388994357 0
0.0879040847533 1.01966019039 0
0.645048626375 0.75375151936 0
1.81813725887 -0.0884630879451 1
-0.188727792504 0.975215623206 0
1.64793605937 -0.247893898396 1
1.11453350629 -0.522191644703 1
0.431327765368 -0.289198664951 1
1.62267065838 -0.251105438327 1
-0.220977434486 0.947024243148 0
0.780575921671 0.608552545229 0
0.773332351995 -0.485524480442 1
0.0481934823878 0.366819835531 1
0.0723812442076 0.992331979295 0
-0.47131002676 0.875667287533 0
0.581212228512 0.859029285654 0
1.96611554289 0.0646942027419 1
0.744357824105 -0.491708788225 1
0.976285433285 0.14732447376 0
0.739543825316 -0.412600635741 1
-0.271066227803 0.949457734896 0
0.217899105587 -0.0933247764702 1
1.00506022649 0.0162163942911 0
1.35407212963 -0.444516481767 1
0.0653870851504 0.239311217549 1
-1.01601285166 0.155231321483 0
1.45150695942 -0.366511592175 1
-0.404512556063 0.913374642713 0
0.771324253628 -0.465522089951 1
2.0109341284 0.343383639889 1
0.80263547901 -0.480742926049 1
-0.0117901691933 0.465422141844 1
0.0949989078548 0.992123470296 0
-0.915890424573 0.383084645222 0
-0.394131518499 0.908132345336 0
0.134974018662 0.996971113792 0
0.608941479944 0.790369051091 0
1.93771433177 0.0906423662296 1
0.322500764035 0.940019379074 0
1.85206338107 0.0848110000774 1
-0.942565011751 0.32373451999 0
-0.850105057621 0.465647136967 0
-0.785608293388 0.600015107733 0
0.794304678084 0.541589755995 0
0.574639104542 0.838216083322 0
1.95574062191 0.179142570286 1
-0.778189744382 0.613389759386 0
0.877408090166 0.50646115957 0
-0.0770266806371 0.516295249158 1
-0.177229651167 0.997794160439 0
0.0706709422958 0.111629632372 1
-0.669183296877 0.74848813474 0
0.0644424990615 0.107510812267 1
0.109344264262 0.132433699105 1
0.799001569605 -0.462849893144 1
1.46714700632 -0.352206636251 1
0.653849182232 0.708668160052 0
0.916307053736 0.380724358658 0
1.33955014018 -0.447017504305 1
0.847510826041 0.550767798467 0
0.290860565801 -0.203419108917 1
-0.936295336911 0.243894618712 0
0.633136279393 -0.424875405284 1
1.25251838051 -0.475120613891 1
1.50574917322 -0.393214659099 1
1.64136056345 -0.26136628729 1
-0.69732266111 0.748483084103 0
1.90558490285 -0.0187739278999 1
0.823770212878 0.605898837557 0
1.67116280004 -0.226473596553 1
1.98006413814 0.497373112047 1
1.54506558963 -0.283894403058 1
0.756386293124 -0.436674398326 1
0.407838485215 0.90650041085 0
1.37476577883 -0.44359251567 1
-0.0214748037099 1.02792802415 0
1.50697129062 -0.397661283094 1
-0.297513156006 0.964455918393 0
0.746444091111 0.698386541097 0
1.14687811694 -0.446098048201 1
0.751807185624 0.637568613681 0
0.941639493066 0.357221418294 0
0.497925121299 0.821489158433 0
0.3601498189 0.92235372865 0
0.561503858462 -0.4249861066 1
1.46749768058 -0.359761636505 1
0.317582102584 -0.265165537728 1
0.581803448033 0.829955756454 0
-0.514824181525 0.878540408027 0
-0.0851503450926 0.964051907459 0
-0.267189730949 0.931013387545 0
-0.959876530579 0.220505619651 0
0.653514934056 -0.448170785335 1
0.729528408695 0.657777442915 0
0.928160307682 0.40828686256 0
1.91224754432 0.100208952941 1
-0.947575502332 0.172531493681 0
-0.839661479741 0.517348951612 0
-0.864254720922 0.552956908399 0
-0.00283753970037 0.350861159464 1
1.23898629489 -0.469501890076 1
0.207891205165 -0.110654614467 1
0.330499758282 -0.248483281257 1
1.37732952525 -0.386038963502 1
-0.905724740673 0.375001365356 0
0.641939036835 -0.46175448557 1
1.93616263208 0.0993305735146 1
-0.753819714427 0.619023388539 0
0.834685057225 0.531889574259 0
1.60627920664 -0.246736892996 1
-0.552730201109 0.860828784312 0
1.61697009218 -0.322150069222 1
0.310758076826 -0.254329731008 1
-0.345475239043 0.910508019136 0
-0.010860855159 0.453353664081 1
0.979961259853 -0.493780614317 1
0.048234606052 0.975557334307 0
1.64308472015 -0.175737522564 1
1.01370721065 0.116890400371 0
0.654703918955 0.786503980135 0
-0.100653696467 0.990244240992 0
0.943961152072 0.248475801289 0
0.8746135516 -0.483246125988 1
0.960025483989 -0.502081907696 1
0.00360668450719 0.261289403115 1
0.391013519912 0.884679869234 0
1.13538309872 -0.45419010953 1
0.92152493602 0.453245366255 0
0.988316850846 0.164890457642 0
1.19749709661 -0.487309705658 1
1.57138955323 -0.302262615799 1
0.859214027989 0.474920960086 0
-0.0275087290374 0.980917498992 0
0.931207457471 -0.490473320087 1
-0.927630433303 0.380249587764 0
-0.873508375687 0.510030988312 0
1.92188105122 0.112813742262 1
-0.665553691826 0.778325394908 0
0.904006303381 0.494354052396 0
0.908312483486 0.476457506847 0
-1.01274234675 0.0368634507013 0
0.536439807188 -0.335713618387 1
1.06773134875 -0.475128339897 1
1.83010961274 -0.0345115407271 1
1.5668070335 -0.346692039728 1
0.262217877409 -0.173743459214 1
1.94660634156 0.294876039302 1
0.544673335291 0.821651835734 0
0.0505021865894 0.250715741633 1
-0.219475237513 0.975645903834 0
0.902626020667 -0.508657035759 1
0.505216444776 0.883323862425 0
0.988471278379 0.0507278407452 0
0.0893434063139 0.117768128217 1
-0.351664168928 0.913278725936 0
1.87753000134 0.0484846760971 1
0.325376986909 -0.190936341824 1
0.447373664284 -0.330071225517 1
-0.0116395496377 0.418152467307 1
-0.0383752819071 0.413606020569 1
0.638045214404 0.801303263394 0
0.658717353858 -0.42400213468 1
-0.871197187154 0.573792822105 0
1.56308862611 -0.322017381886 1
0.0190534121165 0.26738773448 1
0.488205513673 -0.349746193688 1
-0.631656576902 0.792003267806 0
2.03817555113 0.396693168712 1
0.150584658051 0.021268758755 1
1.3798670418 -0.434498251957 1
0.709023358379 -0.435595489935 1
0.609249894111 0.810280285949 0
-0.262810157301 0.969701881543 0
-0.108834512169 1.0072378905 0
0.479513207685 -0.329791707813 1
-0.359104165235 0.978919689082 0
-0.179368175137 0.961642923075 0
-0.309455938011 0.908238715623 0
-0.593521524785 0.820069680056 0
1.07917077193 -0.51668024418 1
-0.736249024391 0.682602438068 0
-0.733403683685 0.651778347888 0
2.02336815802 0.460647920509 1
0.838085034122 0.544010479118 0
-0.0330826824289 1.04918906768 0
1.37566048848 -0.421363105963 1
-0.87066327227 0.526685852546 0
0.939608862751 -0.480834532346 1
0.247759915537 1.01658846075 0
-0.100734950069 1.02361711241 0
0.897396963091 -0.516507822123 1
1.9782103591 0.25038624865 1
0.780306931227 0.617427443497 0
1.78630478188 -0.121409493673 1
-0.52498150225 0.843176968559 0
-0.946402528747 0.215359564525 0
-0.987050735061 0.263635127466 0
-0.0312035946372 0.982468320535 0
-0.957564047529 0.296338160312 0
0.984036405746 0.152974881145 0
0.618505371107 0.826178101049 0
0.820242862715 0.570313092567 0
0.15961992442 -0.0621478064891 1
0.564454488608 -0.419094129562 1
0.0493913902055 0.284819070176 1
1.69443985601 -0.194592725716 1
0.384772886721 0.915740585931 0
-0.00982706269489 0.975387828982 0
-0.936025028737 0.337663533336 0
1.84578697426 0.0306622687029 1
-0.80987558911 0.578937064 0
0.422619912639 0.96233607531 0
-0.0500952267967 0.51789474591 1
1.0242359225 -0.530442398569 1
-0.0495620001933 0.999135795591 0
-0.710922548258 0.657368035065 0
1.92971860772 0.0392435870341 1
-0.0787928728939 0.997372440105 0
1.0092614201 -0.493969738304 1
1.70158040088 -0.162023645002 1
0.562702787268 -0.451506882931 1
0.905414375396 0.395134939618 0
1.03204025113 0.0433668347725 0
-0.457002693116 0.904863224912 0
0.768761648993 0.688933408048 0
1.28194795448 -0.47431797413 1
-0.795669217957 0.652923940476 0
-0.905212300611 0.474895011674 0
0.420473270029 -0.355795643306 1
1.32332750776 -0.438349838335 1
0.0351100202674 0.307367687685 1
0.502938892941 -0.377155803205 1
-0.00146018286992 0.470785668188 1
0.00148510529397 0.410710398021 1
-0.551788854719 0.837401936116 0
0.0082301330315 0.514777860229 1
1.35484640598 -0.402303011717 1
-0.484011512149 0.885291461244 0
1.88049176547 -0.0490504191252 1
0.160196256531 1.02006571894 0
1.549610014 -0.331076978676 1
0.0450939794872 0.203161053578 1
1.33814010032 -0.387600326156 1
0.643445821268 0.792033809972 0
0.881786435768 0.542313036256 0
1.68473421314 -0.253978338538 1
-0.944584955821 0.301566092312 0
1.88132047981 0.0305529668183 1
0.16731259257 -0.0381731785933 1
-0.832403703444 0.560429338396 0
0.306504734998 0.986050327188 0
-0.648472497049 0.753147455488 0
1.6485841655 -0.245070036689 1
0.267741814871 -0.20735227393 1
1.79241630193 -0.133277732218 1
1.9911893293 0.110779325307 1
0.625970024138 0.833986693476 0
0.347897908325 0.92427773294 0
1.87915314747 0.0269683910235 1
0.210093226857 -0.116009977462 1
0.446213324949 -0.338700412678 1
-0.946199698122 0.412165031184 0
0.337696253619 -0.217419154388 1
0.212725990607 0.979750877991 0
1.37922425448 -0.445143230533 1
0.713645450218 0.720278111025 0
0.866490267594 -0.522801020104 1
-0.528627019367 0.866168983611 0
1.830883733 -0.0912499380644 1
-0.874144204395 0.507641005892 0
1.72955305964 -0.177295307231 1
0.0945659899535 1.00363922941 0
1.82148367691 -0.190884207933 1
-0.9932411114 0.118429473945 0
0.903701879295 0.381263372362 0
-0.260928688798 0.967301105937 0
-0.881422628332 0.481680449946 0
0.191102330514 -0.0648270767009 1
0.953541777275 0.325876311004 0
1.97708633146 0.329625599388 1
-0.60053246084 0.758358944094 0
0.710835563039 0.744905346121 0
0.868224271659 0.525652858026 0
1.021921606 0.142722734054 0
-0.520098124524 0.904441688858 0
0.403294827485 0.879121976616 0
0.599011250947 0.794015642188 0
0.238048469635 -0.136400990537 1
0.793979478831 0.605696389903 0
0.996609925113 0.167990429893 0
1.99707631025 0.290549122378 1
0.796106739091 0.582764562703 0
-0.353357668008 0.898543320019 0
-0.384500497303 0.911221010843 0
1.6422609194 -0.257778035514 1
1.94860722988 0.144460619934 1
0.809312746408 0.557379679603 0
0.183798685237 -0.089383892985 1
0.62027790671 -0.419059796663 1
0.355831279336 -0.269072264173 1
-0.942713636521 0.362520062489 0
1.98682321142 0.525411342143 1
1.9538948398 0.18299333962 1
-1.03761902747 0.193656200563 0
1.82961561829 -0.147529571278 1
1.9808537517 0.456803079429 1
-0.22760433287 0.971072317937 0
0.1937881171 -0.0400512498694 1
0.595454677584 -0.431713183708 1
-0.988061704483 0.184914436619 0
1.34809014778 -0.454806618387 1
-0.945361718726 0.369647296522 0
0.159018045585 0.963398585667 0
0.880342963064 -0.498685528171 1
0.597219896223 0.784632554658 0
0.39502391771 0.899021969185 0
-0.736628928346 0.711241748348 0
0.968768975932 0.0864098420035 0
0.0680723595742 0.315455496102 1
0.0802476325242 1.01085140826 0
0.104711184315 0.0727424502938 1
0.974802526165 0.310455873195 0
-0.279369384725 0.98126937379 0
-0.583273894343 0.80956171367 0
0.547920013778 -0.402973540705 1
1.794553143 -0.169642468563 1
1.93809666455 0.167911118232 1
0.0514263951902 0.996951403765 0
1.02472932806 0.0411948289091 0
1.93804561623 0.214440958563 1
0.0247817137811 1.00691990128 0
-0.468659256778 0.911906117427 0
1.13478363745 -0.506328447291 1
-0.760373454338 0.625818547942 0
0.707381885871 -0.475058948084 1
0.458883272795 0.909570326339 0
0.520331203397 -0.340384409479 1
0.279507806992 0.990246684933 0
0.367474755627 0.903576433892 0
0.702193188686 0.691670736997 0
-0.478231562704 0.873318974647 0
1.38234209555 -0.446841707025 1
-0.936416434669 0.455935607814 0
0.513865784101 -0.402936006855 1
1.28707253873 -0.472122182445 1
1.49370694702 -0.38437877999 1
0.677757215572 0.612852764965 0
0.943111624521 0.348772826849 0
1.99461417728 0.29771883706 1
0.636691786317 0.756058133738 0
1.94482320691 0.250642493545 1
1.99527140919 0.442310346531 1
0.992372673102 0.039078018606 0
1.19122371741 -0.450133950152 1
-0.109389352375 1.00235334412 0
1.08578297356 -0.512072859952 1
1.88578693944 0.136889897798 1
0.0570579924642 0.354383743543 1
0.381806899339 -0.275128637577 1
0.442734716743 -0.326231220533 1
1.28997279959 -0.493293313304 1
0.0279859365022 0.252767392253 1
1.52744853159 -0.333076626517 1
1.04801959114 -0.501276236741 1
1.98600169512 0.492037016729 1
0.547624920509 -0.394581106073 1
0.836612012616 0.517347661593 0
1.33293006487 -0.517218542062 1
-0.869342115141 0.525390794023 0
0.400922983328 0.916181708367 0
-1.02700212501 0.0228322953981 0
1.51149877727 -0.327928783764 1
0.87173831047 0.437418604909 0
-0.119971536271 0.949479885531 0
0.278214497081 0.978461133527 0
0.334553234137 0.91386458286 0
1.96195434857 0.167216522857 1
-0.770222364379 0.656805240635 0
0.977800544769 0.247669668563 0
-1.0405030735 0.141325484762 0
1.42598605765 -0.43953995768 1
0.045557795735 0.290672657968 1
0.54746899631 0.831291880014 0
0.28665503819 0.929595409648 0
0.533129976378 -0.391991421322 1
1.00655457405 0.206158002681 0
0.508076005051 0.861795548691 0
0.46690987943 -0.371998499872 1
-0.999930083988 0.0532390357707 0
0.720550329353 -0.459966535577 1
-0.459031833315 0.916146262717 0
0.905899899859 0.499704294955 0
1.19912883091 -0.493756396164 1
-0.0694430124353 1.01431747719 0
-0.691486788752 0.725390668645 0
-0.90079808712 0.234380318085 0
-1.00748049357 0.183483817489 0
0.0616772565307 0.126413152613 1
1.06328706869 0.156926857119 0
0.108420413175 0.0342585241315 1
0.226975873433 -0.135452128257 1
1.53040151761 -0.336328567399 1
0.605185826882 0.797636909129 0
0.415988932291 -0.260477975576 1
0.928729612697 0.301056082222 0
0.257377712101 -0.18478567022 1
-0.0456798315321 1.01940940652 0
0.677190185261 -0.458315047502 1
1.85483480978 -0.0310960713497 1
0.180528065469 -0.0644038017546 1
0.938696990989 0.336299290566 0
0.933971909834 0.314713399309 0
-0.593938487541 0.74759381832 0
0.168419487 0.933143606547 0
0.94045460806 -0.492185652756 1
0.982338347866 0.176193450001 0
-0.778028123318 0.673734495046 0
0.213392344003 -0.1252974388 1
-0.575861186102 0.817053816834 0
1.02118873957 -0.479785817569 1
0.802465857591 -0.447579345101 1
0.110571011464 0.980814260001 0
1.52955019755 -0.34470038899 1
0.108270914498 0.138272452017 1
0.438140058942 -0.348431829686 1
0.494304376851 -0.337747781837 1
0.363413598364 -0.274619734123 1
0.0882102448565 0.150491865099 1
0.103602465518 0.0819349753157 1
0.988828803881 0.237236095931 0
0.30007667928 -0.205072819588 1
-0.935245945189 0.396589002521 0
0.706264183811 0.747327168753 0
0.0201712748045 0.42896931752 1
-0.0105013489151 0.329167582867 1
-0.98428656837 0.0357683243897 0
1.80531915398 -0.0819256229408 1
0.147359883359 -0.0510123686359 1
0.383769342078 -0.237865609527 1
0.978282788911 0.250915578326 0
1.48621257083 -0.338790283255 1
0.464741129568 0.89842576364 0
-0.920232232181 0.468292576913 0
0.224861220497 0.946711129312 0
-0.365304042122 0.936083353999 0
-0.622389720934 0.734055949589 0
0.943276479682 -0.512856825349 1
1.07738527408 -0.563107216244 1
1.54735170086 -0.347256230886 1
0.777427438351 0.620851904822 0
0.424100333628 0.910089042042 0
1.00588155276 0.234123868745 0
-0.979991783842 0.0367833563978 0
0.845465115713 0.501960074166 0
1.88990393904 -0.00528709014632 1
-0.39620329996 0.933548452989 0
0.204507346224 -0.0739593899063 1
0.935936069338 0.391447836506 0
0.255043891879 0.969301034877 0
-0.944540353844 0.289646639071 0
2.00228714149 0.313413477249 1
0.45631854203 -0.344006047696 1
0.911827648647 0.486209117737 0
-0.644387659824 0.735233713109 0
0.561614253048 0.860866399256 0
0.216196916341 0.962793481088 0
1.62077559079 -0.245113741683 1
0.110776671314 0.119915527277 1
-0.252206068746 0.906914446777 0
0.398377891561 0.927876618459 0
-0.964119806912 0.272199990324 0
-0.911494252284 0.472499065727 0
-0.0330370917113 1.00009192739 0
-0.189050866434 0.970925201828 0
0.945862776315 0.289808202729 0
-0.967581066672 0.0351193812708 0
1.83813782938 -0.164907716631 1
0.0499300685955 0.104540041473 1
2.03834124725 0.468566103214 1
0.117272843593 0.129586138091 1
-0.769594952609 0.669803918423 0
1.48204155943 -0.349949698687 1
1.74323929078 -0.130770716015 1
0.0718496444503 1.00557658285 0
0.319474059261 0.959302242949 0
0.682523402982 -0.440180666241 1
1.53724121895 -0.36079385324 1
1.91838187197 0.199985779014 1
0.0479940066896 1.01736317215 0
1.79501824178 -0.0787164354563 1
0.79087920958 -0.487655981749 1
0.925952451679 0.237999723431 0
-0.139218323052 0.983665355622 0
0.909075861275 0.39593347963 0
-0.955234895568 0.229667483604 0
0.67518146376 0.705926762941 0
2.01067740912 0.424081378106 1
1.74579227076 -0.174472036855 1
0.259241490789 -0.158077745442 1
1.12044294301 -0.529193303954 1
0.867152240151 0.440209042711 0
1.15526642194 -0.500568850633 1
-0.477173798977 0.863036665722 0
0.970080748805 0.325430474519 0
0.135690525366 0.0318662869933 1
0.645129401073 -0.468930257149 1
0.45796648675 -0.306018889213 1
0.869513568062 -0.526013395888 1
0.686982517043 0.737963328854 0
1.97672111322 0.308642364574 1
-1.00685810843 0.0149649945719 0
1.02508722742 0.132260953081 0
1.71048271017 -0.214463925851 1
-1.02645800243 0.170773883256 0
-0.054321033955 1.01461589083 0
-0.217354434686 0.968368519008 0
-0.522193521224 0.899639944992 0
-0.964765613095 0.225906206057 0
-0.0298697602457 0.988692828738 0
2.02947755153 0.499820871129 1
-0.955171505238 0.097944287303 0
0.759584178263 0.636385212188 0
1.05122951431 -0.508386797812 1
0.0760072617984 0.236071347832 1
1.69258688644 -0.225284178966 1
0.894220407228 -0.518721816189 1
0.820343953185 0.523596384712 0
0.364715444839 0.900667673704 0
0.962659850795 -0.00212937404244 0
-0.483972283192 0.895122154497 0
-0.284133995412 0.971982928426 0
-0.927658901011 0.396532481845 0
0.962463715327 0.0932893956235 0
-0.0992853631182 0.964527051911 0
0.12295083684 0.975442814845 0
-0.676435410812 0.680083071839 0
1.25943398601 -0.462127654887 1
0.203623952347 0.982922511046 0
0.264286291755 0.989908452067 0
0.387139020854 0.919751963518 0
0.996009784918 0.07147196553 0
-0.523768983063 0.805256018395 0
-0.324579267839 0.918757402682 0
0.881874885508 -0.473110418879 1
-0.896496017893 0.490873597517 0
-0.510047553547 0.90072412839 0
0.987040080281 -0.510887178703 1
-0.0860044806049 1.00820151622 0
0.825993096454 0.661824516731 0
0.185010762602 0.954797862818 0
0.665167221366 -0.452382316551 1
1.25726177775 -0.457874907159 1
1.99658835792 0.389392385578 1
-0.939952135315 0.389463077528 0
1.6363906014 -0.213634506923 1
1.81549245325 -0.0160747378477 1
0.0821059064609 0.0531156809291 1
-0.478000648353 0.84671553848 0
0.9833658942 0.106373914361 0
1.01442509551 0.0874479418851 0
1.63837998629 -0.280026276563 1
0.134700777089 -0.0491798921602 1
0.675172003754 -0.444951685798 1
0.247094317916 0.934720711243 0
1.28097525714 -0.479005964946 1
0.780440299975 -0.499177116531 1
1.64739498746 -0.26536146337 1
1.93874522837 0.153201239954 1
0.170769526389 0.972105617708 0
0.229702370497 -0.157442050727 1
1.10111107471 -0.462837932633 1
1.5617552555 -0.335195428227 1
-0.158583221057 0.964768493179 0
1.03338223716 -0.461208315131 1
0.890528677125 -0.53645713065 1
0.677427820868 0.634370718094 0
1.96387188109 0.301797940144 1
0.349016932171 -0.249846206552 1
0.479122818106 -0.412528037826 1
0.778303262178 -0.498940398929 1
0.836552870518 0.580226499476 0
-0.0774268622775 0.997884786142 0
1.27071385842 -0.509659040427 1
0.54305255092 -0.424367556404 1
0.18503324632 0.99893301581 0
0.522464262803 -0.409875887435 1
0.936642598673 0.262692552137 0
1.92823919068 0.240237760265 1
-0.857835343103 0.531976428833 0
-0.760391596242 0.673516684902 0
1.03573142482 0.0229847097668 0
-0.126271364697 0.976452557249 0
0.186975569279 -0.105917732516 1
-0.0299683962305 0.493074403948 1
0.597578029118 -0.406958041382 1
0.95782269874 0.389692638344 0
1.86314387038 -0.0579316845765 1
0.203933027931 -0.137640522439 1
2.00920823843 0.450063163718 1
0.984759719426 0.0998854622006 0
0.827648641791 0.547268033022 0
0.212845419217 0.969125020721 0
-0.147934358914 1.04023192778 0
1.17840673586 -0.518874583094 1
-0.540499355874 0.836549473968 0
0.663362093097 -0.43396046696 1
0.2047510842 -0.0473217156847 1
0.12889146012 0.0236382609346 1
2.0558306466 0.460912389608 1
0.441511306696 -0.331983133746 1
1.27041982436 -0.453329737271 1
0.794409247668 -0.463581917453 1
-0.986637910637 0.135046460898 0
1.0314615142 -0.453590240465 1
-1.04782708602 0.00614903449512 0
-0.30852209253 0.968402219809 0
0.0283361657044 0.308652223025 1
1.96140261359 0.332682640599 1
-0.64820279907 0.734330471774 0
0.140153364244 1.00103571152 0
1.03794976662 -0.00504582842674 0
0.922442675001 -0.4994957263 1
0.297465175607 -0.25074855246 1
0.614713760368 -0.398136262021 1
-0.442497180442 0.90746032672 0
0.37744843932 -0.227467154933 1
1.13702476058 -0.493619335004 1
0.641217472934 0.775440060936 0
-0.926653839697 0.265332875764 0
0.992442164102 0.0375005364968 0
1.55128307373 -0.328723621374 1
0.0173559336535 0.429146645941 1
0.257477480842 -0.168629636021 1
0.213233738134 -0.0826365178873 1
-0.162237422244 0.990920288374 0
1.69066624807 -0.166158491723 1
0.620443935667 0.785862786807 0
0.188803935746 -0.0930704015487 1
1.96012881669 0.249374996029 1
-0.00543437207511 0.548147866053 1
0.893632702534 -0.486093025913 1
1.96318450386 0.271966273479 1
-0.75499514497 0.642655317089 0
-0.731989349971 0.659131443624 0
0.0306082948788 0.14104944769 1
0.963654029413 0.343892557146 0
0.82585460703 0.585279264624 0
0.0765083156454 0.0652986349125 1
-0.673202277573 0.727353403913 0
0.90702380696 0.447781721337 0
0.790977674519 0.664360483462 0
1.45783508331 -0.396764280084 1
0.671048269605 0.709166141213 0
1.70959645336 -0.249467961991 1
0.142702497414 0.0397719575781 1
0.565725770886 0.792777511168 0
0.97828027129 -0.495894910009 1
0.758017165709 -0.456585800534 1
0.967738976486 0.272501008844 0
0.93280809937 0.386702336151 0
-0.961548418967 0.192155562095 0
1.97283689694 0.11289816756 1
1.45949241066 -0.385887339614 1
-0.755448038681 0.648125083696 0
-0.767255978277 0.639178287792 0
1.21321648764 -0.457158406156 1
0.961813010335 0.342970789229 0
0.569893979342 -0.404458744606 1
1.73999734337 -0.185802628495 1
1.59291965336 -0.33453556394 1
0.185170114217 -0.0458896263169 1
-1.00089988721 0.0726194388323 0
0.805724569486 -0.496195512066 1
-0.389820786448 0.884791262254 0
0.611725645836 0.769694752878 0
0.0305774830839 0.481850901211 1
0.33834192725 0.991464572116 0
1.9652216217 0.453986213789 1
1.99520074986 0.260736424856 1
1.10239521795 -0.492726489733 1
1.82966152294 0.00568409772187 1
0.209996135671 0.941722286281 0
0.0466780039253 0.185144918902 1
-0.450681495504 0.920786231104 0
-0.908907655552 0.361454620342 0
-0.24327262391 0.999567347515 0
-0.968394767705 0.21049109907 0
0.668504254407 0.7192709477 0
0.160488456815 -0.0343554367076 1
-0.004370130288 0.456512486812 1
0.155356733826 -0.0267338613757 1
0.929855912414 0.315548987339 0
0.0301761051086 0.426831979345 1
0.858913388373 0.524573297466 0
0.789352762842 0.636430358811 0
0.548295328455 0.85199691487 0
0.137068099306 1.00926731083 0
2.03291816558 0.469639836095 1
1.00676193736 0.00978185231954 0
-1.00344481345 0.217208921488 0
0.492432186535 -0.349991723927 1
1.98054038931 0.275988132772 1
0.164684900864 0.967667677428 0
-0.332137318349 0.894624975266 0
-0.0474702507855 0.449968968251 1
0.261609941074 0.924429589127 0
0.57760102011 0.735138545008 0
0.040238820076 0.411667638558 1
-0.785667396918 0.61307183228 0
-0.783222498775 0.624462898405 0
0.885685204897 0.475369981515 0
0.324674782411 -0.212019027699 1
-0.852430730823 0.449969760921 0
0.923619090828 -0.502313168945 1
-0.774915895624 0.570280026786 0
-0.635383509647 0.817881834517 0
0.811027960754 -0.459366444551 1
0.20510978798 1.00341419541 0
-0.464205782088 0.98801032826 0
1.81824439287 -0.147051774742 1
1.97396232509 0.490551844752 1
1.78713164188 -0.0862679317036 1
-0.657509327805 0.836302679883 0
0.833451146945 0.580501905642 0
0.906033675443 0.459255310421 0
0.967340090059 0.191375031411 0
0.903081956927 -0.450050268964 1
-0.329967844051 0.896532142674 0
-0.502211343388 0.867629394211 0
2.02628133831 0.344072328794 1
0.289669534667 0.944612648808 0
0.261690238293 0.934051728457 0
0.529034411822 0.905294520046 0
-0.290676380075 0.957009435664 0
0.124408293928 0.988435837625 0
-0.988706583049 0.0886968883381 0
1.78902616052 -0.0949385283035 1
-0.963256666343 0.0212555050782 0
-0.0203912180806 0.395401974947 1
1.94338384834 0.194218762141 1
0.704685464041 -0.464577247061 1
0.982578850884 0.108437378965 0
1.45109183163 -0.451989992542 1
-0.55850252259 0.850448038553 0
0.398580518147 0.93857420452 0
0.111004616505 0.0294170119708 1
0.970534178012 0.293963110894 0
-0.102475979856 0.998572110777 0
0.635785077542 -0.401225782206 1
0.449722992442 0.846464252404 0
0.25068739777 -0.162397881611 1
-0.797835047387 0.658549961184 0
1.86040309158 -0.0281410276434 1
0.110321239299 0.951911122755 0
2.02638848795 0.408979038344 1
1.77745578038 -0.112243907299 1
0.874586392036 -0.45381115755 1
0.940791785519 0.344443897771 0
0.496351645674 -0.352475661044 1
0.684028354838 -0.445921836345 1
0.953400414892 0.328172246824 0
0.94052358582 -0.476624306158 1
0.0329199050495 0.237329238616 1
0.581086473214 -0.419041705571 1
0.602043471714 0.783979068163 0
0.471073495299 0.872755158578 0
0.64255881687 0.745487594225 0
0.497419229436 0.857776094882 0
0.024722465124 0.3260019811 1
0.800396812455 0.547424919025 0
0.039956704687 0.172475082887 1
0.064367086257 0.0911185909606 1
1.04804243919 0.0330040925141 0
1.70345123468 -0.189905477096 1
0.0264315357373 0.260921598801 1
0.951199161208 0.269248012392 0
0.12237826892 -0.0756419368254 1
-0.950355209917 0.363519747386 0
0.702900588558 0.660599707082 0
-0.962125624185 0.184817313632 0
0.760127836152 0.644875720737 0
1.02197445663 0.124394763989 0
-0.899266259891 0.275699635756 0
-0.977299489024 0.0443148885717 0
0.532716171839 0.850568955199 0
1.88314590798 0.0545336973277 1
-0.247759944114 0.962788210953 0
-0.0602161084584 1.03733279161 0
-0.0586379883455 0.52772961418 1
1.81978310789 0.0247338952698 1
1.01033527718 0.178724191747 0
1.96839358011 0.364592703905 1
0.765574794941 -0.495139004796 1
0.224151441334 -0.128069295166 1
0.0940010682907 0.161724386758 1
1.23695878423 -0.460624808869 1
0.106673519863 0.0951274402802 1
0.887198031669 -0.534709104316 1
-0.0189605850026 0.428395645198 1
-0.182484133655 0.971254489888 0
1.68989539398 -0.210723613159 1
-0.97904228728 0.18048066422 0
0.754328161275 0.65229389477 0
-0.336479401169 0.929816143468 0
0.696531567191 -0.439574235113 1
0.786434161041 -0.486119308074 1
0.251692966225 -0.151329922484 1
0.518134371067 0.86025608225 0
0.0450733870831 1.0250960131 0
0.719182454044 0.69049503876 0
-0.386057531392 0.931473124906 0
-0.476965912278 0.851915391171 0
0.129360158287 0.0625834124598 1
0.0125522572653 0.387791559999 1
-0.442760415861 0.921568361104 0
0.39358300279 -0.320191812597 1
0.0506510031607 0.184530199626 1
1.574038411 -0.274612358842 1
-0.55739544465 0.840943172139 0
0.387721453686 0.885561065102 0
-0.756570306897 0.667145169166 0
1.74328575779 -0.207015237953 1
1.90168659376 -0.00405056319362 1
0.997542255658 0.191779154439 0
1.05425348957 -0.488295833793 1
0.544530543527 -0.385147848668 1
-0.883113253819 0.475472643255 0
0.612901698685 -0.458557532237 1
0.250076381618 -0.173502763726 1
1.95922848368 0.308229731105 1
0.954862283045 0.289792742577 0
1.6953437731 -0.200554939733 1
0.668647468376 0.754781457429 0
0.862608516494 0.475209440926 0
-0.975391785618 0.390503263353 0
2.00467425526 0.445998588408 1
0.760700701387 0.674166512759 0
1.85022218423 0.0112365439587 1
1.38338706354 -0.437879065293 1
0.942147176048 -0.498636894333 1
0.42599375408 -0.347268047297 1
0.0377547745531 0.211244548968 1
-0.935516650934 0.455297075887 0
0.132712447855 0.0602069558787 1
0.289606392767 -0.244298274075 1
0.0688218376099 1.01907991591 0
0.357619925182 -0.311087022792 1
-0.969125300912 0.197903018425 0
0.140161298826 0.958959647926 0
1.56118539018 -0.329383031217 1
0.494068865156 0.892210164011 0
0.417323897212 -0.294327758336 1
0.900293656909 0.336078990622 0
1.62325627712 -0.260736747005 1
-0.106392481787 0.997354122962 0
0.767689592049 0.581150929679 0
-0.0534939674847 1.01391191575 0
0.938499379453 -0.487472263869 1
0.372460672755 -0.274368484708 1
-0.669257132981 0.754472478992 0
0.0995202031848 -0.025706343749 1
1.6244766855 -0.342625881123 1
0.33923952772 -0.28920016703 1
0.845911297359 0.539862493005 0
-0.947057502133 0.30964166232 0
1.20117861912 -0.486118992401 1
0.427797052426 0.911051141685 0
1.22953972666 -0.472603961645 1
0.682318211157 -0.395797138284 1
1.75204412045 -0.143982406286 1
0.0645842139926 0.160599633672 1
1.4253104118 -0.383061130937 1
0.794467756395 0.568909478974 0
-0.323743054722 0.942169511501 0
1.34638047111 -0.410812779617 1
1.15123741373 -0.50097716486 1
0.0705259481825 1.00918424118 0
0.00355955613756 0.328407880183 1
1.47275631392 -0.361987248723 1
1.11502521381 -0.503903245095 1
-0.184876966512 0.917470207772 0
1.98533908589 0.378206631891 1
0.787322224525 -0.491361404076 1
0.691902945902 0.765133992182 0
0.86924296124 0.481605645189 0
0.00660061731441 0.203751418187 1
0.486132751839 -0.388035937476 1
-0.163015858253 0.994817121171 0
0.287119939738 -0.197817025053 1
0.1866537466 -0.119179519753 1
0.795730543142 0.577633409105 0
0.0557933507652 0.354639161039 1
0.875011692316 -0.511370048793 1
0.595275108387 0.812194121816 0
0.294434584554 0.953320902441 0
1.59074944221 -0.255488240786 1
0.50172572186 0.894364449286 0
-0.633815418721 0.790340108355 0
1.96798639529 0.34715766709 1
0.144856555077 1.02774695567 0
-0.426254586621 0.895340937427 0
-0.944550965863 0.349325570666 0
-0.830507387586 0.550231699441 0
0.495983489925 0.843723900457 0
1.40309809161 -0.437637488341 1
0.499498760766 -0.335196400968 1
1.54327959573 -0.350193780485 1
-0.385091001897 0.968300405642 0
0.205040699268 -0.120456905613 1
0.477113030162 -0.305065614766 1
1.40160163484 -0.403949219 1
2.02054418034 0.416951800802 1
0.0256616485148 0.989244807698 0
-0.168323668399 0.965941313414 0
0.192326208081 0.960757667326 0
1.40223114269 -0.434460483908 1
2.02139700507 0.413668428632 1
0.952201545051 0.20841766311 0
1.01190950464 -0.509097224267 1
-0.79830999891 0.598902830584 0
0.294581087261 -0.234657887245 1
0.903956465059 -0.513295268065 1
-0.0634349501049 1.00305749021 0
1.85710860734 0.0213063991501 1
0.941990675203 0.375919015364 0
0.025718907006 0.482836015735 1
0.683282458174 0.746805213688 0
-0.680779623546 0.725636941313 0
1.66052719926 -0.204557893828 1
-0.688687441487 0.693670955839 0
1.69326795328 -0.152814528934 1
-0.470429878954 0.870295447653 0
-0.864359028928 0.488419895567 0
-1.04792360072 0.0535649241668 0
1.43394853573 -0.425800047247 1
1.83618417502 -0.0311217928463 1
1.92846411063 0.0970882690426 1
-0.329531578596 0.980767360878 0
0.350017002226 -0.238790120262 1
-1.0161293052 0.0483979781569 0
0.109288788153 0.0728770892394 1
0.0293148105355 0.223442055382 1
0.00434530252532 0.50714251405 1
0.426918958068 -0.316973621612 1
-0.357594747215 0.955914682252 0
0.929884043129 0.213733468392 0
0.854458612098 -0.47016487585 1
0.0019732044684 0.969818133476 0
-0.726579386075 0.709231053333 0
0.370024778544 0.927298109642 0
-0.994065616339 0.238198575275 0
1.95697049324 0.269202020284 1
0.70752514455 0.667245446631 0
1.73732863897 -0.129769913212 1
0.751124107564 0.632823477709 0
0.711047725134 0.691243943441 0
0.393527541576 -0.316821765382 1
0.161433024442 0.0686774611054 1
0.637250985484 -0.468809628826 1
0.0692220059349 0.194694804336 1
0.034957740714 0.313972255254 1
2.05174445634 0.368014813121 1
1.94031878046 0.201680716199 1
0.985539116988 0.064675254154 0
1.13540144338 -0.511974298895 1
0.960974215919 0.116567852146 0
0.976138878717 -0.469536998301 1
0.340042514463 0.965216120651 0
1.01085610741 0.034390521419 0
0.0997847206641 -0.000987855571741 1
1.64719843952 -0.238511581441 1
0.951125974605 0.268835675656 0
1.86722863682 0.0684967665142 1
-0.81618006918 0.558287300946 0
-0.0180466212931 0.390698265919 1
0.61886621075 0.766539209088 0
0.182273203988 -0.0750081514855 1
1.9987415375 0.358942098874 1
1.70571928258 -0.194323924755 1
0.359122224392 -0.26982262095 1
0.898392874934 0.311793638791 0
0.61044333676 0.790156967892 0
1.89068594107 0.0308543100668 1
1.96624083262 0.413216459798 1
1.30666426939 -0.436117298492 1
0.880815013392 0.580929447299 0
1.01844328535 -0.489703112498 1
1.90586297592 0.230012457788 1
0.95660733505 -0.488011233213 1
0.952830404376 0.236646793143 0
1.11841392239 -0.469356209132 1
0.310572157423 0.974796320285 0
-0.569696717896 0.814462253998 0
0.00401428609226 0.450647265551 1
0.680280114089 -0.419282699213 1
1.25468577326 -0.464407064213 1
0.0605283563314 0.21448649271 1
0.664668883985 0.707519309799 0
0.711287245209 0.746704695939 0
0.0894555952907 0.0846800399296 1
1.30517967971 -0.441938794687 1
0.847542026736 0.564396037055 0
1.77952610211 -0.137504051667 1
0.111568299523 -0.0457362600542 1
1.19190996671 -0.502814088101 1
2.010912402 0.43761740519 1
0.511751609451 0.880373754425 0
-0.231368923426 0.960950318513 0
-0.95892465873 0.366438939521 0
0.342487348616 -0.225059250494 1
-0.563443032184 0.810259062318 0
-0.806611832494 0.594272170746 0
1.78796647097 -0.139885872892 1
-0.711536939751 0.59860598021 0
0.962797057385 0.427040881159 0
1.97454021245 0.366826858445 1
1.46585699177 -0.378938048516 1
-0.829817829137 0.496372122032 0
1.76854342149 -0.142606079699 1
-0.755319883622 0.615703427233 0
0.0866245746374 0.0176657273291 1
0.980739712833 0.0986110936733 0
1.65635049058 -0.245878836247 1
0.519846205858 -0.403299781715 1
0.162767666351 0.992532970784 0
-0.45034570445 0.885484740527 0
-1.0631333376 0.0989950502467 0
-0.565094422638 0.827062935873 0
0.272626342563 -0.217795675237 1
0.556269751697 0.823522942469 0
0.627013081644 -0.465323614349 1
0.980129558074 0.166079752644 0
1.82373682565 -0.0881944138379 1
-0.872306223033 0.524578701409 0
0.947151921238 -0.505286437393 1
0.112238718201 0.011775081046 1
0.929633801114 0.405764286488 0
1.70940026731 -0.217319649627 1
1.26116286335 -0.439316285226 1
0.418974053728 0.904551098374 0
0.0981379553042 0.00478920217154 1
-1.01043997825 0.185588651023 0
0.727108609726 0.624322129913 0
1.95604014646 0.413981872748 1
-0.144276192967 0.989197243748 0
0.502702775258 0.850090598624 0
-0.91790778534 0.429964878151 0
-0.79772885003 0.54217588489 0
-0.0751145430088 1.0065025902 0
1.83142919727 0.00675299824568 1
-0.98139928892 0.235042093206 0
2.01533642726 0.367355812149 1
0.567537737739 -0.383412282725 1
0.910369063516 0.245503744734 0
0.0754302830445 0.0951531351282 1
-1.03152207716 0.117773118977 0
0.744629400548 -0.482906742456 1
0.923729117995 0.244665628427 0
-0.13108470965 1.0211462252 0
0.251651084092 -0.185695056554 1
0.401068161727 -0.278960966876 1
0.684416156687 -0.396731150283 1
2.01129874753 0.419826593297 1
0.093156791433 0.974340018523 0
1.59288091578 -0.284837553151 1
1.90013090416 0.145061846969 1
0.523399164288 0.88448935453 0
-0.844839752629 0.556218412061 0
0.478294098146 0.908476905667 0
-0.839798149571 0.559285995022 0
0.124304500264 1.0034809074 0
-0.569167952621 0.83219206932 0
0.582419305334 -0.420157323274 1
-0.361943268597 0.922645131216 0
-1.00455109128 0.160398564268 0
-0.615254273678 0.769709935294 0
-0.691943933582 0.667715591836 0
1.09671148656 -0.465427326294 1
1.28562291204 -0.457437773864 1
-0.0562402700427 1.02370305605 0
0.974105267345 -0.495939057507 1
0.0984874213552 0.00506248265385 1
-0.726890729727 0.71960817322 0
0.952437083872 -0.500036584849 1
-0.776184303564 0.646379853596 0
0.410039422608 -0.278846165007 1
0.291280967618 0.955361545236 0
0.381686082034 -0.254565374345 1
-0.784084076813 0.629428663895 0
0.515678819589 0.864089087364 0
1.01230097288 -0.514657631804 1
0.965615795717 -0.497734869753 1
0.137877027006 0.972004484812 0
1.55198339364 -0.355224920257 1
0.20698314107 0.983883306414 0
0.00932214617255 0.275105600975 1
0.947877689866 -0.492559109926 1
1.75467169911 -0.142349774384 1
-0.158518132284 0.956450788482 0
1.91324744249 0.0267609656876 1
-0.0668652464112 0.962359497346 0
1.94727725686 0.314955483499 1
0.757644139335 -0.457874103057 1
0.968007982931 0.137052021556 0
1.94932714465 0.404417451167 1
-0.832202056793 0.503937020741 0
1.62799355361 -0.280078582018 1
1.82240515247 -0.108888167002 1
0.71218019388 0.676704811887 0
0.0278094896935 0.216513575511 1
0.484426605815 0.850546812355 0
0.903490040119 0.464382490524 0
1.91106224944 -0.0295266442503 1
1.12192845352 -0.467319095205 1
1.84575704809 -0.0292126968917 1
1.78690686699 -0.141046217565 1
0.0267417898123 0.974551259882 0
-0.354188428087 0.949460830514 0
0.984009833333 0.182861828326 0
0.43556009587 0.876661190634 0
0.683801317376 0.744131575495 0
0.885547586005 -0.502861174329 1
1.87020334943 0.0111085152691 1
-0.952637531607 0.302795152549 0
1.90328411517 0.0641292811446 1
1.41461944647 -0.429924393998 1
1.03181365349 -0.514095740724 1
1.98350686635 0.190504589968 1
1.99081365435 0.30525622201 1
-1.01974903573 0.0750519759891 0
1.92405156998 0.14281039162 1
1.97216160934 0.218159907703 1
1.00547239944 0.0352751403955 0
0.18230823439 -0.029926336003 1
-0.691519554307 0.677220701232 0
-0.947570597721 0.212403073132 0
-0.0228974932047 0.394468274589 1
1.95629685107 0.202121595134 1
-0.912343218223 0.432558791797 0
1.04498412943 -0.457797304381 1
-5.60010172781e-05 0.989413005473 0
1.84821855616 -0.00785175108187 1
1.93320259222 0.0787005554053 1
0.87933146575 0.45348235951 0
1.38924703634 -0.431478711962 1
-0.958532228682 0.0535645917942 0
1.86890599368 0.0747798932829 1
0.947689144833 0.244942566779 0
-0.711078014962 0.720853414748 0
0.339905034607 0.954136601361 0
1.99464654289 0.332586556082 1
-0.516593105772 0.869601373538 0
0.372245014054 0.929763565213 0
-0.557704024026 0.855060165289 0
0.118809249828 0.0282612429765 1
-0.690983434123 0.702851101873 0
1.80702200252 -0.0656349135244 1
-0.68599037002 0.766490727728 0
-0.73455955631 0.68939793678 0
-0.97804974491 0.223552617789 0
-0.229858417303 0.99164436805 0
0.0590792776413 0.196612323856 1
1.00228880258 0.0249949484269 0
-0.967639478777 0.158805856102 0
0.0593433810486 0.985225554568 0
0.261401629274 -0.154757550694 1
0.662139477352 0.768616226344 0
-0.315702804641 0.983990159816 0
1.265063694 -0.473167871394 1
1.97471467222 0.248453752174 1
0.67826337749 0.818257487981 0
1.39567399317 -0.393262654223 1
-0.473961774619 0.866491888834 0
-0.419700469984 0.910657058629 0
0.321238433614 0.979894248358 0
1.50952857516 -0.388383476822 1
-0.812271213984 0.563509383477 0
1.21011962202 -0.508888529417 1
0.428474434368 0.854543307405 0
1.77113844423 -0.133741270876 1
1.20813256961 -0.537647758714 1
-0.111830923572 1.01678791297 0
1.14041311417 -0.50518378483 1
-0.883478480861 0.392570858311 0
0.851806240499 0.470048544341 0
0.0685738179835 0.0993310106344 1
1.91782558128 0.187823755355 1
0.856015948544 -0.421551336269 1
1.20679747519 -0.44350436816 1
0.29672542735 -0.21342109177 1
0.624015259791 -0.432989945408 1
1.32095796812 -0.431151657512 1
1.53561141657 -0.339593548661 1
0.393815820084 -0.280505588952 1
0.324683598286 -0.241888885622 1
1.6438150728 -0.265906763133 1
-0.159253401635 0.967326164432 0
1.54100682939 -0.377014914709 1
0.232064540512 0.943932004976 0
0.402030028979 0.955420120068 0
0.64539142574 -0.499810249656 1
-0.00311644248362 0.36721629004 1
0.00769097584472 0.22931225916 1
1.92922998907 0.174711740541 1
1.94993562139 0.165987712726 1
1.34043333494 -0.448556356726 1
1.91487165748 0.15466890607 1
1.45158486702 -0.411167207942 1
-0.12342379902 0.96952476217 0
1.94083197217 0.1528948012 1
0.144938363175 0.0674083350968 1
0.0793977202195 0.166236241075 1
0.920722051377 0.370151989697 0
0.325307755265 -0.234161125115 1
0.0562411158598 0.349190903904 1
-0.764072161556 0.582785264889 0
1.66998726177 -0.201716101246 1
0.939843505409 0.396931110074 0
-0.188496498904 0.978231836892 0
-0.945297911783 0.352721751348 0
1.31072238335 -0.429951429115 1
1.55090889852 -0.403985520871 1
-0.106274005476 1.00202430751 0
0.518498901095 -0.360656740778 1
-0.00136467048837 0.396780097954 1
1.06198604883 0.000170745793615 0
0.057436734607 0.106641621944 1
0.183257272715 -0.118749791011 1
0.0201504381836 0.471627823775 1
0.851535221998 0.520893652061 0
-0.823633312943 0.578727937668 0
0.114604311833 0.0584823778315 1
-0.894816996342 0.378177256452 0
1.98311094236 0.41257614852 1
0.00639629052894 0.255249999624 1
-0.377703763499 0.926565489805 0
0.877209401808 0.4881219018 0
0.984182061459 0.140308729731 0
0.851207659002 0.556440789086 0
1.23134873799 -0.471519765359 1
0.792994205039 -0.506158221744 1
1.96153041848 0.271750616384 1
-0.645642211138 0.820135872272 0
0.949452972169 0.222848332412 0
1.9260910417 0.0692898595858 1
1.89113613501 0.0204269488219 1
0.990977365035 -0.500025689996 1
0.178693680429 -0.0234987797098 1
1.267258007 -0.446948561708 1
0.656022877865 -0.448658034384 1
-0.954976616974 0.286434619175 0
1.80485332176 -0.0589752836005 1
-0.0584121104604 0.991728247958 0
0.613778297668 -0.431259597277 1
-0.613731152988 0.752049230695 0
-0.875379870696 0.476928360304 0
-0.661184455852 0.764579166034 0
0.95431564398 -0.536091704999 1
0.593515552001 -0.448041185984 1
1.46050298327 -0.40136622599 1
0.0213990273417 0.149756503847 1
-0.533214790172 0.840256745414 0
0.725031234409 -0.445867416414 1
-0.799964981285 0.644547917122 0
1.50592270895 -0.393089554249 1
1.42809266316 -0.417822401818 1
0.906649703739 0.253683586653 0
1.07069859023 -0.470179213397 1
1.72174485278 -0.153587136582 1
1.1563148817 -0.518801387928 1
-0.304008894484 0.989576339251 0
0.705551430057 0.707218095355 0
1.0186310504 -0.495062884387 1
1.66839856828 -0.241131075362 1
1.94500660906 0.19264757681 1
-0.370488801195 0.887231166422 0
-0.953959177849 0.210863530816 0
0.296088497542 0.935790272906 0
0.614248369563 0.793990831314 0
0.809524244378 -0.474504232824 1
1.12680313174 -0.507787973788 1
0.844843269131 0.441436874224 0
0.501122057366 0.891485620281 0
0.0430986842628 0.0876926915051 1
0.689391786666 -0.452781224394 1
0.763858665486 0.593549989099 0
1.02356385373 0.0623845963759 0
0.336527443752 -0.243734437853 1
0.937849413236 0.267592432538 0
-0.558799533234 0.82946335281 0
1.92293913172 0.238741892521 1
1.80837557668 -0.0672679883323 1
0.918627119843 -0.479549393993 1
1.65881891746 -0.265000982644 1
1.5486490275 -0.276902040435 1
0.829937502945 0.650090088873 0
0.209389084244 -0.11378925608 1
0.558151951773 -0.378882893474 1
1.25222802223 -0.46281532651 1
0.881296099107 0.483960008954 0
-0.550421638542 0.814326418411 0
-0.237943903803 0.964008520066 0
0.396096189892 -0.272323009218 1
-0.997332753611 0.122638132715 0
1.16710264197 -0.448172811928 1
0.319347963824 -0.218957198662 1
0.831007977805 -0.479294870655 1
1.06242047339 -0.507478515688 1
-0.644843289349 0.814901245172 0
0.808768421683 -0.474264824667 1
0.025922941754 0.250065746566 1
0.151321633665 0.993883861036 0
-0.4807639117 0.793237692969 0
0.896296691984 -0.464818623935 1
-0.852898183194 0.425628058858 0
0.96605276805 0.158623673145 0
0.077760916848 0.13889277383 1
0.0169019294521 0.266289340759 1
0.781538121714 -0.474059087508 1
0.253849637017 -0.193341250295 1
0.281041200635 -0.155178471388 1
0.892085875179 0.488106522813 0
1.57385125743 -0.321627063764 1
0.456471631191 0.858273576129 0
1.97061926625 0.176256646663 1
1.21770794146 -0.480237283519 1
-1.03861255628 0.0240835346681 0
-0.932242505917 0.299269921838 0
1.28778404358 -0.467117341545 1
0.961744097211 0.183635986511 0
1.9238951846 0.160737115125 1
-0.87579607811 0.528112773887 0
1.99133043802 0.375047473674 1
-0.997566875656 0.140550380798 0
0.889582740717 0.418412131836 0
0.471233450785 0.906316469241 0
1.05066966871 -0.54195755626 1
0.416939682892 -0.312577996506 1
-0.570284916316 0.814748223521 0
-0.614321069306 0.829329186064 0
-0.384279344375 0.906624162165 0
-0.855984013341 0.519593276967 0
0.0723515569023 1.03848503375 0
-0.809568968849 0.569844454603 0
0.800753942267 0.594154445163 0
0.413894823423 -0.306103234623 1
1.9382396079 0.0483490339256 1
-0.330764570063 0.953812872981 0
1.63130773721 -0.28393930319 1
1.39849357273 -0.417348017142 1
0.922641415457 0.344313686189 0
0.332960256906 0.873408725863 0
0.43945518934 0.879642670005 0
1.77328608136 -0.109540519088 1
0.56667429399 -0.348106767319 1
1.04925810565 -0.497818819358 1
-0.8980627006 0.368725429342 0
1.72193120084 -0.207862390409 1
0.496257063477 0.897301199862 0
0.823003076647 0.657752947031 0
-0.934082124671 0.379021149961 0
0.275703002498 0.974042206643 0
0.154746351701 1.02606542041 0
-0.853926369551 0.422333916199 0
1.49835240597 -0.353375657457 1
-0.583980442338 0.736186203554 0
-0.913458725654 0.42254544929 0
1.49088372126 -0.422000026154 1
-0.90959968101 0.44254369371 0
0.878252008475 0.418923902182 0
1.92269401755 0.100924267368 1
0.4687103889 0.877503951033 0
0.193346170526 0.980279749908 0
-0.0319322660744 0.484362452938 1
1.11858520064 -0.479105225437 1
0.308635030202 -0.180560634818 1
0.934559972156 0.245233584611 0
1.24183197779 -0.43947807403 1
1.99996189269 0.406250342945 1
1.38424798859 -0.457209252004 1
2.00907518587 0.387076421107 1
0.327265357971 -0.199128243463 1
0.219723544451 -0.176685126722 1
1.74333121732 -0.131446972676 1
0.6294810998 0.824091592837 0
0.833952930559 -0.425946050458 1
0.712215230299 0.674785503536 0
0.985370900403 0.122263398637 0
0.0982130908578 0.216837432942 1
1.56067904441 -0.333083638693 1
0.847804304531 0.531499574409 0
0.00507694094156 0.295244160837 1
-0.756322331036 0.642197404719 0
0.108425549199 1.04122695665 0
-0.692101936086 0.761169817441 0
-0.965455823703 0.370325347543 0
-0.998620400951 0.245436329249 0
0.169314871651 0.987706349689 0
-1.00137893029 0.164285569177 0
-0.265653074333 0.935694029883 0
0.603964121392 0.752301517725 0
2.02685408124 0.346539112573 1
1.67569816677 -0.259407601463 1
-0.640029916246 0.765169370993 0
0.366241136962 0.948495673385 0
0.74979459505 0.682464017619 0
1.01608151388 -0.51529052023 1
-0.0244992764396 0.382769212759 1
1.96906321558 0.190333545115 1
-0.00492234022564 0.430678215022 1
1.8406229175 0.0402597756186 1
0.946313165221 0.463553133981 0
-0.0293748587333 0.990059516265 0
-0.369954363211 0.917043364471 0
-0.656868774504 0.758947951647 0
1.10955392946 -0.515986794962 1
0.840075058934 -0.516730381555 1
-0.630762719169 0.783016057994 0
-0.100012634953 1.03766037061 0
1.73490872702 -0.146338054252 1
-0.813726347213 0.545668275443 0
0.356225581562 -0.286228135183 1
0.468739703978 0.822951495839 0
0.821885770482 0.585307257566 0
-0.569535834344 0.857770976085 0
0.852042194481 0.517940172136 0
-0.986425121678 0.208632033407 0
0.0820728677635 0.0821718528101 1
0.201457607581 0.953577116639 0
0.22496616995 0.929005620115 0
1.86435971886 -0.0459334327306 1
-0.542650324332 0.861095671786 0
0.919334290251 0.354568061555 0
-0.708226795317 0.683690001476 0
0.343743095064 -0.250968634854 1
-0.636505579997 0.724082451959 0
0.337001362361 0.980052748118 0
0.594480880725 -0.416955751917 1
0.291966690316 -0.197945621557 1
-0.975831758568 0.0224411317134 0
-0.707249119759 0.635995551443 0
1.78981085145 -0.0910571925903 1
0.540090913462 -0.398620347579 1
0.0481723214999 0.383573817097 1
-0.670179989353 0.719169450535 0
0.53038486004 -0.35332516382 1
0.338565969156 -0.272671865242 1
0.0502446869309 0.411994579737 1
1.39064441636 -0.436946074234 1
0.70178784474 -0.490804481637 1
0.735969931998 0.69063203112 0
-0.975090458372 0.0817502625359 0
-0.438100442172 0.911195767184 0
1.37158621042 -0.442490940179 1
-0.300337274729 0.997824438158 0
0.590730304374 -0.442281763376 1
1.91094185154 0.0236397388203 1
-0.0175412900349 0.388301287953 1
0.942021644043 0.439319979611 0
0.131198486069 -0.00410372930935 1
1.28288338604 -0.462858430911 1
0.878519870555 0.259068283989 0
0.981503376014 0.17828788946 0
1.94895179121 0.200766259653 1
0.0535368102861 0.155870030229 1
0.400274030753 -0.301844057339 1
0.597094364208 -0.397264136841 1
1.84507186905 0.000629947354988 1
0.779686768542 0.616185983655 0
-0.261684437036 0.948031875564 0
-0.78646165799 0.697723487505 0
0.321149415955 0.9407837132 0
0.32856521126 0.962248629457 0
-0.802397601921 0.595830059155 0
-0.094652434447 1.00750576146 0
-0.594344057496 0.768870871065 0
1.74199018977 -0.101346292764 1
1.62522583679 -0.300492328576 1
-0.996747271169 0.122956353976 0
0.0554787438061 0.286867469802 1
0.361435531672 0.924045707222 0
-0.730389823266 0.703521742309 0
0.525523300524 0.809852990863 0
-0.495193306797 0.836747392214 0
0.344126785459 0.938948057039 0
1.58099342238 -0.311663026228 1
0.683554269391 0.699158346789 0
-0.996321736097 0.135571339397 0
-0.0656552173411 0.984719904771 0
0.914613391103 0.455881419253 0
-0.402034176608 0.916869435947 0
-0.230972457967 1.0269757408 0
0.858956552215 0.486166650349 0
1.94764260012 0.155483999522 1
1.95957062456 0.352735630537 1
1.79326591132 -0.108725853756 1
1.26188880185 -0.449207203079 1
0.132791791146 1.03879224736 0
2.0396720124 0.451055523866 1
1.92259079975 0.167668481428 1
0.339632130583 -0.25030027106 1
1.81442628134 0.0025083008247 1
1.95537586682 0.455435910524 1
1.01113824787 0.0750812819578 0
1.01546589389 0.132980367236 0
1.42444199049 -0.419412063195 1
2.01279879489 0.220544070711 1
-0.606168631446 0.798314663231 0
0.995332250346 0.160502376366 0
1.9613135905 0.153892395459 1
1.76529319278 -0.178426859337 1
0.979394709743 0.181703428471 0
1.86767649454 -0.129002008999 1
0.374030180835 -0.275635927892 1
0.965135423211 -0.478349856751 1
0.0804482204802 0.103704510445 1
-0.513035282309 0.897908406955 0
0.320061484265 -0.202725924833 1
0.150445595043 -0.0258052801066 1
-0.0196633950166 0.26750712944 1
-0.0518817982383 0.9362845956 0
0.378196587787 0.924780567151 0
-0.371127401632 0.928354209513 0
0.782675274028 0.603976186521 0
0.373593014755 -0.289190576988 1
0.664361497121 -0.439642115939 1
1.0300712398 0.191536145107 0
0.267314890716 0.982862662608 0
0.398847170086 0.922297417006 0
1.89766357786 0.117631873315 1
0.156419232075 0.028280971693 1
-0.722402456187 0.678885683498 0
0.106566630024 0.0835722304821 1
0.288092547077 0.934084599015 0
0.175161275786 0.946148061352 0
0.00155441803959 0.432246260974 1
1.59305070631 -0.328489617047 1
0.873690695611 -0.476071050897 1
1.96923767131 0.341220704111 1
1.86964185049 0.00353100724475 1
-0.910099159809 0.44611105468 0
-0.898364593701 0.410814582289 0
0.610651844637 0.79769060739 0
-1.0118718714 0.10392101505 0
1.59929126893 -0.32757002457 1
1.17370896021 -0.458739854931 1
-0.0159393394808 1.03160631246 0
0.266716368878 0.94218821204 0
0.894559738854 0.435575311596 0
0.964045920239 0.0723456979255 0
-0.719639721547 0.652617882135 0
-0.4570154926 0.902734093233 0
0.712889995961 -0.476649533796 1
0.0546741176867 0.172438387826 1
0.530656596585 -0.411535470964 1
1.00474116568 0.035914138582 0
1.00398302831 -0.515631353685 1
0.0136103043031 0.294532688443 1
-0.979671414039 0.0494390168859 0
1.03775078249 -0.442729557369 1
1.18713788107 -0.467635811773 1
-0.971481243117 0.156994557896 0
1.91529753321 0.19993245122 1
0.435822204396 -0.328576689453 1
0.554334778548 0.866957132363 0
1.96529953913 0.259522512896 1
0.855086653633 0.535479732105 0
0.777896169285 0.66153717331 0
0.649693950036 -0.439273553842 1
-0.947940897809 0.34990156531 0
-0.361235329362 0.987248096918 0
1.26039030005 -0.477627745316 1
0.169013351502 -0.0911391442294 1
-0.570760717189 0.777073698525 0
0.437402609754 0.942080364747 0
-0.900799447455 0.462972530922 0
1.84945076073 -0.085967340144 1
-0.998388831976 0.236552811797 0
0.719395795428 0.696272814279 0
0.0515710462641 1.02283115492 0
1.2143383121 -0.509739589069 1
1.24518217104 -0.465224249363 1
1.62834789698 -0.168552630884 1
0.193080858277 -0.0774134819388 1
1.01622642904 0.0835137948832 0
1.76782423575 -0.177268686592 1
-0.704198143339 0.77422479551 0
-0.999394177541 0.0237951024009 0
0.222033071824 -0.124973479017 1
1.9953313239 0.317049001333 1
-0.45703640205 0.870029099285 0
0.797736273191 0.622669255298 0
0.509241722688 -0.36011638641 1
1.80470497084 -0.076851173582 1
1.90674256457 0.0291991278157 1
-0.855223435232 0.480194951553 0
0.796665860919 0.65747356262 0
-0.335433815996 0.924449945262 0
0.026120573967 0.2675832947 1
0.654485187993 0.799931926707 0
1.24036836021 -0.437995929835 1
-0.555266949643 0.836097046898 0
0.532982939675 0.897220488997 0
0.320918475115 0.971391310864 0
1.59163679616 -0.30396722758 1
0.330127784766 1.01632839342 0
0.562314262047 -0.446166724741 1
0.992217377219 0.0953497514354 0
1.99272592222 0.326981653335 1
0.683857288906 -0.459080733988 1
-0.958202609663 0.290045096022 0
0.0273596133675 0.226564010323 1
1.93384770301 0.129160866408 1
1.14860536768 -0.477135879309 1
1.56842236199 -0.311506767253 1
0.176957587346 -0.0197064426857 1
0.0499250731088 1.01415773059 0
-0.682202003775 0.704975622234 0
1.76818372994 -0.125870331673 1
-0.937688399198 0.342010897801 0
1.3693789919 -0.436109256234 1
0.0887046289708 0.0938795925873 1
0.00430121305791 0.254182589581 1
0.799907722974 0.564608254943 0
-0.639240103681 0.742622980719 0
2.02315628831 0.504119864187 1
-0.992881466296 0.131913921352 0
0.032229298972 1.01105984141 0
-0.438962890723 0.913280280464 0
0.778779688022 -0.493251185019 1
0.106334032193 -0.012117514457 1
0.0805070734471 1.00940955477 0
0.847919576292 -0.527590511453 1
0.0328542257367 0.370265256646 1
-1.0337808572 -0.0156733716791 0
-0.929422047805 0.495024565983 0
1.94142396274 0.0846120226103 1
1.69431128771 -0.229419849557 1
-0.524043850406 0.850508672385 0
0.273219522091 -0.243651180984 1
1.86859755479 -0.0139107979432 1
0.740447367567 0.665045754381 0
0.859259836399 0.536771004528 0
-0.0486496809009 1.03284781759 0
0.187738433449 -0.136458548357 1
0.91352170561 0.39725882509 0
1.4151860326 -0.394115446034 1
0.534763764963 0.804449043956 0
0.739287140842 0.704537415126 0
0.543267761174 0.800400133492 0
1.60020354335 -0.248591026423 1
1.01373324707 0.0408937246707 0
0.910376240294 0.432368666813 0
0.56243023291 -0.406993183285 1
1.52009265849 -0.368339369948 1
0.135228472108 0.986628197674 0
1.96841505066 0.368928826169 1
0.0322237106586 0.352404248588 1
0.443916423993 -0.327340285627 1
1.59682090994 -0.333449048987 1
-0.998089866164 0.0492807726667 0
1.98711248969 0.259743668918 1
-1.0376824211 0.0412042886449 0
0.0338012677729 0.146105682014 1
-0.886652653649 0.400383146301 0
0.0528030350096 0.306735597419 1
0.496916222863 -0.360297250042 1
0.967302775303 -0.537788964577 1
0.757428295532 0.626459665662 0
1.69321572579 -0.148614265992 1
0.794505106879 0.597889298563 0
0.215192014392 -0.132123854436 1
0.965976399178 0.202065998651 0
0.688202737795 0.692739291176 0
0.620260640814 0.792947627474 0
0.459805202942 -0.371593767921 1
-0.889486771279 0.399101257611 0
0.0104741601217 0.342432695669 1
-0.96493628873 0.287300550182 0
-0.433260146682 0.916953165334 0
-0.826563415155 0.598501091336 0
1.85626239345 0.0828183503073 1
-0.965776119085 0.157056188016 0
1.70932728169 -0.194524726264 1
0.414293079526 0.934992414224 0
-0.110333994658 0.994897475341 0
0.921790436868 0.38941431317 0
1.9892484594 0.376087710496 1
1.97650710747 0.114028430571 1
1.93656709282 0.0902501914542 1
0.486931027193 -0.388234348751 1
-0.898062928114 0.41993201726 0
-1.02724755947 0.0833054032424 0
0.00355888375497 0.522297079686 1
1.74306081091 -0.142320355709 1
-0.0167619387691 0.97095561647 0
0.110144083957 1.05789132006 0
0.317720420261 -0.245881118688 1
1.64555424964 -0.30528480616 1
0.339895720592 -0.244182234913 1
0.66259426561 0.783703304239 0
-0.954535222586 0.340875030058 0
0.25945321679 -0.174004245222 1
0.0541080838908 0.99614580549 0
0.483725737912 0.850050023956 0
-0.8443484464 0.572696921329 0
0.204880935537 0.963246046065 0
-0.661682463377 0.758074076171 0
0.268103160812 -0.169901315448 1
0.104620980164 -0.0449767650049 1
-0.235689391941 0.965227759434 0
1.41095233351 -0.386040641388 1
-0.681288689585 0.709300962196 0
-0.73850954939 0.699171700886 0
0.135179095143 -0.0591075943926 1
1.86475205952 -0.0714414918494 1
-0.299729731265 0.929461423778 0
0.855515894026 -0.450519630154 1
0.0634191378221 0.238740966518 1
1.97953943366 0.337710711354 1
0.509200938278 0.847702992102 0
0.396808708884 0.906352881001 0
0.292718182392 0.977548903059 0
0.908767089186 0.413254680789 0
-0.79391804662 0.61931003046 0
0.0320560643927 0.186273723559 1
-0.508058780244 0.850886425275 0
0.116380001765 0.0228729594694 1
1.77021814531 -0.103479297004 1
2.01490386546 0.385804875756 1
0.982734248166 0.23345401406 0
-0.0472599048667 0.483886063345 1
1.02293722873 0.053353527406 0
0.0824188911132 0.0850704458697 1
0.293613661441 0.950528606329 0
-0.908957494887 0.380685479345 0
1.23321189803 -0.499917896586 1
0.500986751213 0.882015610536 0
0.983731934152 0.288639583563 0
-0.850709104427 0.521573841714 0
-0.39378362484 0.929192502504 0
-0.87812925898 0.522021918516 0
-0.550348552036 0.885299562458 0
-0.847942059494 0.594414985478 0
0.486340189846 -0.314708864369 1
0.623303069171 -0.470612459596 1
0.561182396663 -0.446102584304 1
1.84500674838 -0.0700658462373 1
0.533912121606 0.873692025925 0
0.869230917596 0.37982894047 0
-0.995698062069 0.0442964104889 0
0.527962257205 0.770507244561 0
0.197125317826 0.933892670915 0
1.39071374171 -0.396611358594 1
1.78608526571 -0.097314097725 1
0.279558693933 -0.240811745599 1
1.02475657712 0.186022415979 0
0.801224177687 0.493517272331 0
1.29141954678 -0.476498950805 1
-0.976279727182 0.264508779319 0
0.132706679202 1.04526046262 0
-0.821991867897 0.522765373304 0
-0.504866227862 0.865233427285 0
0.890167742811 -0.481655514833 1
0.297307301013 0.956054017004 0
-0.978064538365 0.268761799266 0
-0.0201349755295 0.341721587653 1
-0.222299830309 0.933333140651 0
0.225389200352 -0.127072916897 1
0.854637358254 0.526685676314 0
-0.952355166651 0.310528639657 0
-0.171970762603 1.01054754074 0
1.18042462102 -0.50454947421 1
-1.02656876367 0.00727817844515 0
-0.904238307064 0.303716144624 0
0.788998067625 0.546693760251 0
1.29360690551 -0.512693945298 1
-0.305438171092 0.955453220197 0
1.75699005364 -0.233113529091 1
-0.57536110044 0.829385688576 0
-0.895723694963 0.389785146466 0
-0.978631751276 0.362656046671 0
-0.855799483231 0.472188291298 0
0.950347293496 0.354441723094 0
-0.149531787493 0.979503845417 0
0.784669384258 -0.50557913598 1
1.990718454 0.394184542434 1
1.98388745152 0.235290256936 1
